0.999338 0.000662 
0.999646 0.000354 
0.997779 0.002221 
0.998825 0.001175 
0.986596 0.013404 
0.999118 0.000882 
0.999950 0.000050 
0.999989 0.000011 
0.999038 0.000962 
0.997405 0.002595 
0.995720 0.004280 
0.999673 0.000327 
0.997250 0.002750 
0.994066 0.005934 
0.994695 0.005305 
0.999042 0.000958 
0.999793 0.000207 
0.999916 0.000084 
0.997857 0.002143 
0.959228 0.040772 
0.920482 0.079518 
0.922123 0.077877 
0.904881 0.095119 
0.936983 0.063017 
0.967203 0.032797 
0.998724 0.001276 
0.004950 0.995050 
0.002000 0.998000 
0.001727 0.998273 
0.001520 0.998480 
0.000923 0.999077 
0.003488 0.996512 
0.006128 0.993872 
0.005612 0.994388 
0.003510 0.996490 
0.003091 0.996909 
0.002243 0.997757 
0.002359 0.997641 
0.002872 0.997128 
0.004998 0.995002 
0.734148 0.265852 
0.005430 0.994570 
0.006706 0.993294 
0.006573 0.993427 
0.005100 0.994900 
0.005714 0.994286 
0.005267 0.994733 
0.004848 0.995152 
0.000974 0.999026 
0.001264 0.998736 
0.000061 0.999939 
0.963612 0.036388 
0.965267 0.034733 
0.964804 0.035196 
0.961883 0.038117 
0.965517 0.034483 
0.965130 0.034870 
0.761675 0.238325 
0.003753 0.996247 
0.003723 0.996277 
0.001724 0.998276 
0.001276 0.998724 
0.000166 0.999834 
0.000421 0.999579 
0.024495 0.975505 
0.018225 0.981775 
0.006891 0.993109 
0.679647 0.320353 
0.687549 0.312451 
0.004775 0.995225 
0.120960 0.879040 
0.106081 0.893919 
0.000662 0.999338 
0.119892 0.880108 
0.137551 0.862449 
0.158529 0.841471 
0.000068 0.999932 
0.000325 0.999675 
0.008015 0.991985 
0.000474 0.999526 
0.000111 0.999889 
0.076737 0.923263 
0.040262 0.959738 
0.000307 0.999693 
0.015374 0.984626 
0.998722 0.001278 
0.998452 0.001548 
0.999294 0.000706 
0.999206 0.000794 
0.999067 0.000933 
0.998311 0.001689 
0.998634 0.001366 
0.975743 0.024257 
0.980217 0.019783 
0.794646 0.205354 
0.777819 0.222181 
0.797222 0.202778 
0.001149 0.998851 
0.000666 0.999334 
0.000532 0.999468 
0.000284 0.999716 
0.001926 0.998074 
0.000455 0.999545 
0.005150 0.994850 
0.068669 0.931331 
0.333082 0.666918 
0.423751 0.576249 
0.454921 0.545079 
0.474392 0.525608 
0.467057 0.532943 
0.458222 0.541778 
0.434579 0.565421 
0.354630 0.645370 
0.236680 0.763320 
0.179285 0.820715 
0.075578 0.924422 
0.013409 0.986591 
0.006245 0.993755 
0.002500 0.997500 
0.000636 0.999364 
0.001987 0.998013 
0.013369 0.986631 
0.021306 0.978694 
0.012612 0.987388 
0.012517 0.987483 
0.003511 0.996489 
0.001575 0.998425 
0.000621 0.999379 
0.000767 0.999233 
0.000020 0.999980 
0.000012 0.999988 
0.000001 0.999999 
0.000005 0.999995 
0.000030 0.999970 
0.000010 0.999990 
0.000039 0.999961 
0.001727 0.998273 
0.010842 0.989158 
0.020785 0.979215 
0.022409 0.977591 
0.013981 0.986019 
0.012426 0.987574 
0.004252 0.995748 
0.001609 0.998391 
0.515145 0.484855 
0.998684 0.001316 
0.999983 0.000017 
0.999690 0.000310 
0.996542 0.003458 
0.996213 0.003787 
0.999892 0.000108 
0.999573 0.000427 
0.999894 0.000106 
0.999858 0.000142 
0.992834 0.007166 
0.964106 0.035894 
0.885257 0.114743 
0.401758 0.598242 
0.000929 0.999071 
0.000105 0.999895 
0.000023 0.999977 
0.095085 0.904915 
0.081024 0.918976 
0.916087 0.083913 
0.135991 0.864009 
0.073805 0.926195 
0.915203 0.084797 
0.116878 0.883122 
0.060010 0.939990 
0.117045 0.882955 
0.120630 0.879370 
0.077487 0.922513 
0.103971 0.896029 
0.082520 0.917480 
0.000048 0.999952 
0.000019 0.999981 
0.000033 0.999967 
0.007724 0.992276 
0.014776 0.985224 
0.961652 0.038348 
0.964369 0.035631 
0.977641 0.022359 
0.980346 0.019654 
0.977421 0.022579 
0.415139 0.584861 
0.000241 0.999759 
0.004914 0.995086 
0.290247 0.709753 
0.316491 0.683509 
0.502110 0.497890 
0.488401 0.511599 
0.550912 0.449088 
0.633987 0.366013 
0.031079 0.968921 
0.967463 0.032537 
0.970097 0.029903 
0.645011 0.354989 
0.671073 0.328927 
0.584212 0.415788 
0.979019 0.020981 
0.691142 0.308858 
0.289330 0.710670 
0.000319 0.999681 
0.000010 0.999990 
0.028315 0.971685 
0.061673 0.938327 
0.753923 0.246077 
0.783300 0.216700 
0.806846 0.193154 
0.831676 0.168324 
0.087478 0.912522 
0.138249 0.861751 
0.040279 0.959721 
0.001127 0.998873 
0.000758 0.999242 
0.000271 0.999729 
0.000025 0.999975 
0.000013 0.999987 
0.000086 0.999914 
0.969289 0.030711 
0.362728 0.637272 
0.364457 0.635543 
0.537280 0.462720 
0.532119 0.467881 
0.541591 0.458409 
0.027468 0.972532 
0.000108 0.999892 
0.000140 0.999860 
0.000211 0.999789 
0.000101 0.999899 
0.001035 0.998965 
0.000244 0.999756 
0.000418 0.999582 
0.000455 0.999545 
0.000093 0.999907 
0.000096 0.999904 
0.000001 0.999999 
0.000000 1.000000 
0.998059 0.001941 
0.998886 0.001114 
0.999252 0.000748 
0.999259 0.000741 
0.998055 0.001945 
0.997958 0.002042 
0.995020 0.004980 
0.945990 0.054010 
0.948145 0.051855 
0.727578 0.272422 
0.010375 0.989625 
0.902566 0.097434 
0.910989 0.089011 
0.913283 0.086717 
0.908413 0.091587 
0.962336 0.037664 
0.750395 0.249605 
0.295687 0.704313 
0.012402 0.987598 
0.038135 0.961865 
0.304043 0.695957 
0.421438 0.578562 
0.999654 0.000346 
0.999359 0.000641 
0.999775 0.000225 
0.999589 0.000411 
0.999545 0.000455 
0.999371 0.000629 
0.010319 0.989681 
0.005617 0.994383 
0.174309 0.825691 
0.005795 0.994205 
0.009916 0.990084 
0.004415 0.995585 
0.002514 0.997486 
0.002605 0.997395 
0.000162 0.999838 
0.000018 0.999982 
0.561241 0.438759 
0.520695 0.479305 
0.504660 0.495340 
0.545438 0.454562 
0.540846 0.459154 
0.499999 0.500001 
0.537761 0.462239 
0.002058 0.997942 
0.002813 0.997187 
0.955856 0.044144 
0.951348 0.048652 
0.835575 0.164425 
0.534364 0.465636 
0.524375 0.475625 
0.522895 0.477105 
0.522013 0.477987 
0.506418 0.493582 
0.504677 0.495323 
0.000057 0.999943 
0.992158 0.007842 
0.969731 0.030269 
0.969199 0.030801 
0.960315 0.039685 
0.956291 0.043709 
0.955141 0.044859 
0.988144 0.011856 
0.406389 0.593611 
0.163158 0.836842 
0.047619 0.952381 
0.982443 0.017557 
0.982627 0.017373 
0.947982 0.052018 
0.948864 0.051136 
0.946029 0.053971 
0.948650 0.051350 
0.973532 0.026468 
0.989277 0.010723 
0.947073 0.052927 
0.002558 0.997442 
0.002197 0.997803 
0.000476 0.999524 
0.006271 0.993729 
0.546645 0.453355 
0.586031 0.413969 
0.582615 0.417385 
0.602475 0.397525 
0.861989 0.138011 
0.898930 0.101070 
0.900119 0.099881 
0.001399 0.998601 
0.000656 0.999344 
0.003819 0.996181 
0.001435 0.998565 
0.000627 0.999373 
0.001658 0.998342 
0.004171 0.995829 
0.001000 0.999000 
0.000239 0.999761 
0.000027 0.999973 
0.000063 0.999937 
0.000026 0.999974 
0.000000 1.000000 
0.000024 0.999976 
0.002503 0.997497 
0.936154 0.063846 
0.997844 0.002156 
0.998952 0.001048 
0.966871 0.033129 
0.957628 0.042372 
0.955622 0.044378 
0.961117 0.038883 
0.979225 0.020775 
0.998525 0.001475 
0.009274 0.990726 
0.006045 0.993955 
0.000550 0.999450 
0.000378 0.999622 
0.010535 0.989465 
0.026668 0.973332 
0.034173 0.965827 
0.015745 0.984255 
0.089329 0.910671 
0.215674 0.784326 
0.017671 0.982329 
0.000520 0.999480 
0.000217 0.999783 
0.000088 0.999912 
0.000112 0.999888 
0.000001 0.999999 
0.000000 1.000000 
0.000006 0.999994 
0.000014 0.999986 
0.000000 1.000000 
0.000001 0.999999 
0.000000 1.000000 
0.000010 0.999990 
0.001092 0.998908 
0.002046 0.997954 
0.998330 0.001670 
0.914579 0.085421 
0.908455 0.091545 
0.888128 0.111872 
0.872557 0.127443 
0.866438 0.133562 
0.899015 0.100985 
0.975982 0.024018 
0.094816 0.905184 
0.002555 0.997445 
0.000497 0.999503 
0.000001 0.999999 
0.000002 0.999998 
0.000959 0.999041 
0.000765 0.999235 
0.001671 0.998329 
0.000911 0.999089 
0.004198 0.995802 
0.001694 0.998306 
0.002486 0.997514 
0.075194 0.924806 
0.097926 0.902074 
0.075503 0.924497 
0.080264 0.919736 
0.043681 0.956319 
0.000584 0.999416 
0.000040 0.999960 
0.000260 0.999740 
0.000043 0.999957 
0.000002 0.999998 
0.000082 0.999918 
0.000004 0.999996 
0.000002 0.999998 
0.000000 1.000000 
0.000049 0.999951 
0.000002 0.999998 
0.000008 0.999992 
0.000068 0.999932 
0.000531 0.999469 
0.001000 0.999000 
0.000101 0.999899 
0.000073 0.999927 
0.000000 1.000000 
0.000003 0.999997 
0.000000 1.000000 
0.000003 0.999997 
0.000000 1.000000 
0.000001 0.999999 
0.000013 0.999987 
0.000831 0.999169 
0.000494 0.999506 
0.000535 0.999465 
0.001486 0.998514 
0.000370 0.999630 
0.000590 0.999410 
0.001330 0.998670 
0.001356 0.998644 
0.000447 0.999553 
0.001584 0.998416 
0.000338 0.999662 
0.000530 0.999470 
0.001619 0.998381 
0.001235 0.998765 
0.001025 0.998975 
0.001157 0.998843 
0.000075 0.999925 
0.001472 0.998528 
0.000703 0.999297 
0.000394 0.999606 
0.000480 0.999520 
0.004623 0.995377 
0.000194 0.999806 
0.004427 0.995573 
0.000034 0.999966 
0.000025 0.999975 
0.000022 0.999978 
0.000145 0.999855 
0.000003 0.999997 
0.000359 0.999641 
0.001079 0.998921 
0.001407 0.998593 
0.001795 0.998205 
0.000198 0.999802 
0.000231 0.999769 
0.000914 0.999086 
0.000160 0.999840 
0.000722 0.999278 
0.000427 0.999573 
0.000456 0.999544 
0.000294 0.999706 
0.001933 0.998067 
0.000716 0.999284 
0.000455 0.999545 
0.000161 0.999839 
0.000492 0.999508 
0.000145 0.999855 
0.000008 0.999992 
0.000011 0.999989 
0.000008 0.999992 
0.000001 0.999999 
0.000033 0.999967 
0.000000 1.000000 
0.000003 0.999997 
0.000002 0.999998 
0.000005 0.999995 
0.000001 0.999999 
0.002327 0.997673 
0.037276 0.962724 
0.246413 0.753587 
0.321459 0.678541 
0.386781 0.613219 
0.428737 0.571263 
0.444486 0.555514 
0.451410 0.548590 
0.453017 0.546983 
0.452913 0.547087 
0.454459 0.545541 
0.432240 0.567760 
0.396730 0.603270 
0.328978 0.671022 
0.206995 0.793005 
0.024465 0.975535 
0.002602 0.997398 
0.000497 0.999503 
0.000213 0.999787 
0.000214 0.999786 
0.000333 0.999667 
0.000214 0.999786 
0.001002 0.998998 
0.001427 0.998573 
0.000553 0.999447 
0.000472 0.999528 
0.000128 0.999872 
0.000004 0.999996 
0.000007 0.999993 
0.000011 0.999989 
0.000016 0.999984 
0.000027 0.999973 
0.000353 0.999647 
0.004105 0.995895 
0.001508 0.998492 
0.000404 0.999596 
0.000205 0.999795 
0.000507 0.999493 
0.000414 0.999586 
0.000568 0.999432 
0.000010 0.999990 
0.000005 0.999995 
0.000006 0.999994 
0.000002 0.999998 
0.000293 0.999707 
0.001335 0.998665 
0.031952 0.968048 
0.033045 0.966955 
0.034329 0.965671 
0.000047 0.999953 
0.033031 0.966969 
0.033093 0.966907 
0.061324 0.938676 
0.001293 0.998707 
0.001070 0.998930 
0.000032 0.999968 
0.000178 0.999822 
0.000040 0.999960 
0.000108 0.999892 
0.050079 0.949921 
0.072606 0.927394 
0.064416 0.935584 
0.047322 0.952678 
0.041200 0.958800 
0.035632 0.964368 
0.000839 0.999161 
0.000957 0.999043 
0.001040 0.998960 
0.001779 0.998221 
0.000940 0.999060 
0.000956 0.999044 
0.001317 0.998683 
0.000911 0.999089 
0.000183 0.999817 
0.000230 0.999770 
0.000881 0.999119 
0.001663 0.998337 
0.000462 0.999538 
0.001499 0.998501 
0.000241 0.999759 
0.000348 0.999652 
0.000834 0.999166 
0.000622 0.999378 
0.000215 0.999785 
0.000856 0.999144 
0.000262 0.999738 
0.000000 1.000000 
0.000011 0.999989 
0.000153 0.999847 
0.000101 0.999899 
0.000091 0.999909 
0.001356 0.998644 
0.000022 0.999978 
0.000168 0.999832 
0.000053 0.999947 
0.000938 0.999062 
0.000361 0.999639 
0.000000 1.000000 
0.000086 0.999914 
0.998295 0.001705 
0.998687 0.001313 
0.998636 0.001364 
0.998805 0.001195 
0.998625 0.001375 
0.998666 0.001334 
0.000001 0.999999 
0.000021 0.999979 
0.000010 0.999990 
0.000030 0.999970 
0.000017 0.999983 
0.000519 0.999481 
0.000527 0.999473 
0.001637 0.998363 
0.001929 0.998071 
0.002282 0.997718 
0.000742 0.999258 
0.000191 0.999809 
0.000440 0.999560 
0.000312 0.999688 
0.000181 0.999819 
0.000304 0.999696 
0.000162 0.999838 
0.000089 0.999911 
0.001832 0.998168 
0.001672 0.998328 
0.000789 0.999211 
0.000760 0.999240 
0.000146 0.999854 
0.000839 0.999161 
0.000834 0.999166 
0.000722 0.999278 
0.000611 0.999389 
0.000868 0.999132 
0.000036 0.999964 
0.001060 0.998940 
0.001515 0.998485 
0.000462 0.999538 
0.984897 0.015103 
0.985843 0.014157 
0.950352 0.049648 
0.921588 0.078412 
0.919460 0.080540 
0.918985 0.081015 
0.966181 0.033819 
0.992734 0.007266 
0.994453 0.005547 
0.000004 0.999996 
0.000017 0.999983 
0.000001 0.999999 
0.000014 0.999986 
0.000012 0.999988 
0.000008 0.999992 
0.000213 0.999787 
0.000384 0.999616 
0.000690 0.999310 
0.000516 0.999484 
0.000198 0.999802 
0.000101 0.999899 
0.000035 0.999965 
0.000264 0.999736 
0.000476 0.999524 
0.000217 0.999783 
0.001218 0.998782 
0.000181 0.999819 
0.000355 0.999645 
0.000091 0.999909 
0.000157 0.999843 
0.000234 0.999766 
0.000139 0.999861 
0.000199 0.999801 
0.000136 0.999864 
0.000725 0.999275 
0.000072 0.999928 
0.000022 0.999978 
0.000012 0.999988 
0.000004 0.999996 
0.000002 0.999998 
0.000001 0.999999 
0.000001 0.999999 
0.000014 0.999986 
0.000010 0.999990 
0.000053 0.999947 
0.000014 0.999986 
0.000173 0.999827 
0.000303 0.999697 
0.000027 0.999973 
0.000051 0.999949 
0.000010 0.999990 
0.000007 0.999993 
0.000030 0.999970 
0.000130 0.999870 
0.000477 0.999523 
0.000396 0.999604 
0.000252 0.999748 
0.000565 0.999435 
0.000305 0.999695 
0.000677 0.999323 
0.001242 0.998758 
0.000012 0.999988 
0.000001 0.999999 
0.020853 0.979147 
0.037773 0.962227 
0.152999 0.847001 
0.178493 0.821507 
0.998941 0.001059 
0.999944 0.000056 
0.999975 0.000025 
0.999942 0.000058 
0.999164 0.000836 
0.999510 0.000490 
0.487222 0.512778 
0.076831 0.923169 
0.075905 0.924095 
0.028955 0.971045 
0.078245 0.921755 
0.074359 0.925641 
0.000001 0.999999 
0.000041 0.999959 
0.000004 0.999996 
0.000002 0.999998 
0.000000 1.000000 
0.000101 0.999899 
0.000949 0.999051 
0.000021 0.999979 
0.000121 0.999879 
0.000095 0.999905 
0.000009 0.999991 
0.000260 0.999740 
0.000094 0.999906 
0.000001 0.999999 
0.000182 0.999818 
0.000109 0.999891 
0.000250 0.999750 
0.000282 0.999718 
0.000253 0.999747 
0.000229 0.999771 
0.000727 0.999273 
0.000233 0.999767 
0.000193 0.999807 
0.000119 0.999881 
0.000019 0.999981 
0.000005 0.999995 
0.000100 0.999900 
0.000292 0.999708 
0.000358 0.999642 
0.000333 0.999667 
0.918291 0.081709 
0.912427 0.087573 
0.886612 0.113388 
0.910127 0.089873 
0.989754 0.010246 
