2.491464 0.282463 
2.297352 0.274608 
2.714153 0.402234 
2.211717 0.435118 
1.560091 0.454709 
1.885213 0.260030 
2.032329 0.081269 
2.161941 0.041911 
2.785885 -0.046188 
3.026836 -0.091675 
3.183047 -0.231386 
2.574829 0.046493 
3.044617 -0.185108 
3.253916 -0.468577 
3.190648 -0.508855 
2.698229 -0.449273 
2.452150 -0.396683 
2.462901 -0.190113 
2.888358 0.189894 
4.655387 -0.195408 
5.709054 -0.057465 
5.665527 -0.058282 
6.072985 0.287667 
5.224178 0.233473 
4.363241 0.206904 
1.806018 0.236030 
-0.567065 0.847731 
-0.903385 0.811369 
-0.848893 0.775896 
-1.003506 0.767464 
-0.917545 0.686924 
-1.258488 0.903811 
-1.085980 1.076978 
-1.021450 1.049508 
-1.061746 0.935089 
-0.932025 0.900003 
-0.847653 0.821852 
-0.829154 0.826511 
-1.270358 0.849060 
-0.861511 0.992654 
0.871474 0.285276 
-0.585528 0.882674 
-0.483564 0.851864 
-0.576086 0.922324 
-0.584623 0.867402 
-0.589938 0.897841 
-1.763708 0.721902 
-1.758604 0.681250 
-1.375267 0.497460 
-1.394881 0.552251 
-0.973465 0.390716 
1.242066 0.049296 
1.248364 0.038968 
1.249361 0.060089 
1.253438 0.154860 
1.272184 0.160813 
1.272669 0.171420 
0.896050 0.258932 
-1.531338 0.790284 
-1.549409 0.773186 
-1.408762 0.631024 
-1.386628 0.563493 
-1.059771 0.445785 
-0.730954 0.542227 
-0.076400 0.665419 
-0.159981 0.722444 
-0.355385 0.713479 
0.808144 0.187691 
0.814566 0.182766 
-0.439221 0.721398 
0.262530 -0.129966 
0.232443 -0.150991 
-1.305882 0.474306 
0.261982 -0.121178 
0.294579 -0.092104 
0.324847 -0.093175 
-0.727209 0.369220 
-1.059711 0.526701 
-1.892028 0.826958 
-1.172405 0.523053 
-0.999687 0.432157 
0.178464 -0.090680 
0.068595 -0.049314 
-1.203097 0.422288 
-0.132824 0.574382 
1.758832 0.171029 
1.705387 0.114797 
2.261101 0.364803 
2.233144 0.381200 
2.224252 0.403003 
2.218308 0.491554 
2.071387 0.428097 
1.427056 0.427038 
1.450681 0.393652 
0.906617 0.058891 
0.887165 0.050315 
0.910120 0.064157 
-1.131553 0.695607 
-0.953878 0.641378 
-1.213010 0.514638 
-1.117020 0.479790 
-1.494481 0.580884 
-1.305771 -0.090721 
-1.172961 -0.709961 
-1.308376 -1.815029 
-0.614935 -3.551725 
-0.572355 -5.105174 
-0.466843 -5.932218 
-0.230180 -6.033148 
-0.382132 -6.265348 
-0.408659 -5.878628 
-0.430966 -5.024615 
-0.589576 -3.784919 
-0.623582 -2.646752 
-0.624067 -2.228616 
-0.885368 -1.685864 
-0.980427 -0.961436 
-0.616910 -0.616981 
-0.558315 -0.394362 
-0.919331 -0.347373 
-1.023702 -0.516879 
-0.804080 -0.903212 
-0.788152 -1.042410 
-1.086819 -0.962064 
-1.102057 -0.961584 
-1.448032 -0.515340 
-1.504161 -0.193503 
-1.405725 0.024055 
-1.438698 0.281922 
-1.070447 0.156267 
-1.039237 0.107069 
-0.845289 0.037770 
-0.971526 0.048686 
-0.805262 -0.076074 
-0.912582 -0.027460 
-0.732004 -0.054598 
-0.527519 -0.300972 
-0.498264 -0.660309 
-0.605432 -0.928715 
-0.501861 -0.874330 
-0.566466 -0.782386 
-0.630716 -0.793396 
-0.750637 -0.606888 
-0.610003 -0.360608 
0.666009 0.085160 
2.087750 0.427914 
2.273304 0.026311 
2.504251 0.137678 
3.058691 0.143007 
3.086388 0.150821 
2.388164 0.096983 
1.793238 -0.279619 
2.219151 0.171709 
2.042042 0.165234 
1.507596 0.117541 
1.273498 0.196103 
1.068432 0.281622 
0.610895 0.546644 
-0.846476 0.678859 
-0.847041 0.446151 
-0.871773 0.348838 
0.227194 0.565964 
0.191346 0.574335 
1.110112 0.166314 
0.312721 0.504207 
0.170514 0.580332 
1.112665 0.191563 
0.267409 0.621641 
0.094136 0.732828 
0.256198 0.709167 
0.261864 0.721304 
0.143336 0.775806 
0.218266 0.761420 
0.174848 0.698227 
-0.854959 0.390847 
-0.845494 0.338041 
-1.068997 0.260024 
-0.197779 0.421225 
-0.082018 0.332780 
1.216818 -0.283238 
1.227156 -0.209056 
1.302678 -0.169457 
1.324280 -0.111514 
1.308115 -0.041098 
0.560634 -0.221811 
-0.540847 0.263077 
-0.224295 0.097956 
0.505237 0.482012 
0.532173 0.541464 
0.689092 0.451872 
0.677241 0.445578 
0.731716 0.472410 
0.800727 0.450193 
-0.063809 0.765702 
1.374000 0.439525 
1.354480 0.350897 
0.821268 0.526312 
0.845823 0.525006 
0.761412 0.484362 
1.371527 0.216630 
0.794434 -0.050339 
0.452533 -0.227338 
-1.108494 0.501427 
-0.891447 0.306958 
0.016278 0.389046 
0.147902 0.477632 
0.872797 0.143934 
0.910308 0.193061 
0.937632 0.193124 
0.949148 0.036799 
0.226953 0.167574 
0.318719 0.172103 
0.086647 0.143274 
-0.388854 0.183983 
-0.425936 0.126003 
-0.515398 0.193622 
-0.768829 0.326146 
-0.845338 0.318731 
-0.940884 0.426859 
1.274271 0.072775 
0.577946 0.604857 
0.581207 0.656041 
0.728916 0.556761 
0.724177 0.554120 
0.730079 0.532169 
-0.066668 0.703379 
-0.756239 0.421553 
-0.977725 0.461156 
-0.976731 0.501795 
-0.864808 0.444654 
-1.139247 0.673987 
-1.054792 0.492863 
-1.114911 0.536528 
-1.125133 0.544076 
-0.986014 0.420975 
-0.893569 0.440834 
-0.774670 0.132026 
-0.883708 0.204024 
1.712432 0.183881 
1.759005 0.143050 
1.827584 0.173309 
2.630298 0.183786 
2.668079 0.398957 
2.687132 0.398542 
1.879787 0.552475 
1.201199 0.203021 
1.195820 0.140646 
0.856628 0.223365 
-0.159688 0.447695 
1.046053 -0.171740 
1.066527 -0.108514 
1.071155 -0.114603 
1.061359 -0.103546 
1.253024 0.143071 
0.879981 0.228198 
0.496621 0.168435 
-0.183419 0.605422 
0.034656 0.585369 
0.520972 0.667530 
0.622121 0.451281 
1.997107 0.226000 
2.038761 0.315721 
2.328476 0.214514 
2.309159 0.289647 
1.961515 0.234014 
1.871348 0.198407 
-0.273581 0.715325 
-0.323452 0.603254 
0.356565 0.725485 
-0.359132 0.669255 
-0.233381 0.625853 
-0.353522 0.583738 
-0.547097 0.688248 
-0.511416 0.662247 
-1.007468 0.465987 
-0.882707 0.334175 
0.698832 0.059050 
0.674996 0.137468 
0.666966 0.184327 
0.696153 0.160602 
0.692762 0.162223 
0.660648 0.153783 
0.692151 0.181033 
-0.333448 0.257427 
-0.296136 0.249912 
1.201029 -0.013666 
1.185771 0.000460 
1.019810 -1.129976 
1.050061 -10.841492 
0.640870 -10.750607 
0.583357 -10.758817 
0.548991 -10.763328 
-0.075493 -11.036571 
-0.147877 -11.042399 
-1.053808 0.336461 
3.338591 0.256362 
4.233658 0.357988 
4.251423 0.357137 
4.479326 0.485607 
4.611004 0.460676 
4.628227 0.501050 
3.405319 0.521621 
0.593035 0.214100 
0.357524 0.436753 
0.082862 0.565667 
3.886105 -0.149087 
3.877968 -0.225521 
4.783134 0.619956 
4.773732 0.586074 
4.832639 0.634067 
4.731122 0.683531 
3.961220 0.631401 
3.175335 0.686634 
1.516494 0.900853 
-0.591915 0.727488 
-0.662476 0.745248 
-0.658360 0.514313 
-0.199121 0.283047 
0.740617 0.589888 
0.729449 0.177125 
0.729303 0.202545 
0.745140 0.202382 
1.004552 0.138455 
1.066680 0.125206 
1.065184 0.098917 
-0.367580 0.193848 
-0.439800 0.177253 
-0.253968 0.124381 
-0.363812 0.119321 
-0.442981 0.156691 
-0.360793 0.275065 
-0.246898 0.239159 
-0.399561 0.131340 
-0.538491 0.253822 
-0.821987 0.351953 
-0.638542 0.263486 
-0.816887 0.348693 
-0.867204 0.199581 
-1.060179 0.232280 
-0.574075 0.709672 
1.182089 0.257703 
1.821047 0.344371 
2.663922 0.237699 
4.234412 0.561825 
4.489921 0.631915 
4.521976 0.684493 
4.341028 0.699584 
3.752144 0.613948 
2.060415 0.435538 
-0.235113 0.603845 
-0.321934 0.623165 
-1.265458 0.474515 
-1.279793 0.367797 
-0.209067 0.596555 
-0.033093 0.580273 
0.014918 0.578271 
-0.197854 0.737230 
0.202929 0.641154 
0.422663 0.581325 
-0.067669 0.419427 
-0.937218 0.609510 
-0.581786 0.332941 
-0.731032 0.391683 
-0.682854 0.378001 
-0.957108 0.124733 
-0.920672 0.122754 
-0.726144 0.080771 
-0.697550 0.059667 
-0.844379 0.155776 
-0.794598 0.071081 
-0.907967 0.153212 
-0.702220 0.094283 
-0.430928 -0.063477 
-0.407605 -0.172377 
2.902289 -0.023385 
5.840695 0.146152 
5.978727 0.278904 
6.481619 0.484670 
6.768799 0.922431 
6.887830 1.060660 
5.881635 1.140597 
2.245247 1.157085 
0.138098 0.992526 
-0.976319 0.865117 
-1.209608 0.504658 
-0.844910 0.230124 
-0.846701 0.250321 
-0.764562 0.660734 
-0.790341 0.638353 
-0.520177 0.584531 
-0.815660 0.669233 
-0.449729 0.702117 
-0.860476 0.774994 
-0.760885 0.814205 
0.199464 0.213877 
0.250654 0.244243 
0.200443 0.246829 
0.211748 0.211943 
0.101715 0.205409 
-1.167832 0.561289 
-1.038829 0.315582 
-1.217597 0.373341 
-1.049700 0.311109 
-0.838587 0.243293 
-1.115223 0.313015 
-0.902189 0.263618 
-0.758664 0.200047 
-0.881688 0.140727 
-1.111243 0.235708 
-0.978351 0.122160 
-1.020259 0.097417 
-1.156567 0.141894 
-1.391891 0.195965 
-1.500037 0.237297 
-1.181507 0.218009 
-1.155716 0.201267 
-0.855262 0.068165 
-0.780400 0.046694 
-0.873716 0.079215 
-0.979390 0.113266 
-0.849784 0.079048 
-0.906154 0.055553 
-1.047329 0.110686 
-1.448404 0.301455 
-1.367403 0.264074 
-1.376000 0.279700 
-1.556018 0.355809 
-1.322944 0.264321 
-1.387327 0.296213 
-1.537932 0.332359 
-1.538107 0.344918 
-1.348352 0.275107 
-1.571432 0.356504 
-1.308479 0.269042 
-1.366515 0.303733 
-1.563058 0.392273 
-1.495967 0.395088 
-1.459442 0.383566 
-1.490908 0.373156 
-1.142427 0.250283 
-1.439189 0.551178 
-1.304799 0.490156 
-1.259287 0.407537 
-1.212986 0.495568 
-0.236262 0.260150 
-0.708838 0.448399 
-0.237855 0.221644 
-0.925282 0.365152 
-0.858879 0.352421 
-1.005506 0.295813 
-1.208868 0.248974 
-0.983351 0.151954 
-1.317255 0.268584 
-1.484096 0.351824 
-1.551865 0.329346 
-1.608276 0.340194 
-1.245800 0.245236 
-1.267483 0.235617 
-1.454917 0.336876 
-1.196887 0.302625 
-1.389733 0.377805 
-1.305071 0.359146 
-1.281122 0.413190 
-1.277630 0.298583 
-1.572915 0.469811 
-1.392550 0.369112 
-1.324819 0.341505 
-1.209562 0.278096 
-1.349389 0.315391 
-1.206915 0.254495 
-1.018648 0.178610 
-1.038585 0.163187 
-1.024303 0.119782 
-0.906124 0.065598 
-1.091592 0.209694 
-0.911483 0.139334 
-0.739959 0.158897 
-0.883570 0.242375 
-0.943598 0.257630 
-0.862233 0.228695 
-1.024602 -0.545731 
-1.068605 -1.378966 
-0.570245 -2.652315 
-0.741988 -3.619924 
-0.708008 -4.548108 
-0.652290 -5.472285 
-0.685665 -6.165906 
-0.581456 -6.158754 
-0.553813 -6.144182 
-0.554983 -6.143073 
-0.510810 -6.066346 
-0.575316 -5.375591 
-0.564534 -4.434905 
-0.612553 -3.498702 
-0.760999 -2.579369 
-1.749839 -1.200265 
-1.543261 -0.337769 
-1.350445 0.317394 
-1.245065 0.273063 
-1.266267 0.195964 
-1.317801 0.226272 
-1.259084 0.231336 
-1.489624 0.287642 
-1.552286 0.338260 
-1.381539 0.279494 
-1.364524 0.246581 
-1.212387 0.174827 
-0.846450 0.269410 
-0.899550 0.291249 
-0.933933 0.298237 
-0.788227 0.313173 
-0.693468 0.265849 
-0.503773 0.244134 
-0.249643 0.246172 
-0.379480 0.309407 
-0.563018 0.398112 
-0.719213 0.460236 
-0.537691 0.398060 
-0.605275 0.451492 
-0.535671 0.414228 
-0.971804 0.269204 
-0.822316 0.278215 
-0.885170 0.284874 
-0.814361 0.247110 
-1.296774 0.240777 
-1.531809 0.352544 
-0.007194 -0.219558 
-0.003375 -0.227293 
-0.038817 -0.358914 
-0.704700 -0.045984 
-0.046443 -0.359531 
-0.045993 -0.359293 
0.072025 -0.370676 
-1.538210 0.310106 
-1.472959 0.374168 
-1.085918 0.216685 
-1.219508 0.282152 
-1.095326 0.234827 
-1.183059 0.232448 
0.077967 -0.202769 
0.148773 -0.199326 
0.123322 -0.211072 
0.055894 -0.249915 
0.036094 -0.227947 
0.018058 -0.196619 
-1.442629 0.324235 
-1.476665 0.300542 
-1.501741 0.268773 
-1.602514 0.350901 
-1.447799 0.368232 
-1.441645 0.389039 
-1.500012 0.418102 
-1.428721 0.394152 
-1.220376 0.287198 
-1.234014 0.318959 
-1.440319 0.354754 
-1.586885 0.346372 
-1.355320 0.269532 
-1.565560 0.333773 
-1.284143 0.152516 
-1.330982 0.177815 
-1.459340 0.263159 
-1.410144 0.245202 
-1.268027 0.187901 
-1.464760 0.260804 
-1.293382 0.177492 
-0.859629 0.107388 
-0.745999 0.013282 
-0.578208 0.012425 
-0.606463 0.016364 
-0.605197 0.035871 
-0.399380 -0.041332 
-0.679247 0.053837 
-1.203102 0.302193 
-1.100275 0.271965 
-1.451484 0.358919 
-1.298517 0.319937 
-0.912232 0.142926 
-1.155727 0.249582 
1.855475 0.335715 
1.833205 0.271239 
1.841391 0.285809 
1.833403 0.255979 
1.831443 0.277028 
1.838105 0.278842 
-0.784777 0.175507 
-0.984552 0.308739 
-0.949755 0.283644 
-1.045967 0.280871 
-1.028770 0.247525 
-1.343882 0.348080 
-1.344833 0.351963 
-1.536811 0.452543 
-1.607681 0.395196 
-1.649664 0.407370 
-1.428003 0.297676 
-1.252613 0.198734 
-1.358245 0.226557 
-1.313681 0.196802 
-1.241025 0.224525 
-1.301219 0.243064 
-1.233322 0.202618 
-1.175074 0.192261 
-1.597365 0.386733 
-1.578368 0.374371 
-1.422743 0.344287 
-1.409968 0.356820 
-1.206415 0.258948 
-1.428410 0.359355 
-1.432642 0.346910 
-1.395501 0.366359 
-1.371702 0.350903 
-1.444532 0.337178 
-1.107926 0.149005 
-1.494608 0.311099 
-1.564573 0.344450 
-1.356817 0.263879 
3.623051 0.436349 
3.607595 0.385610 
4.877567 0.131382 
5.624987 0.288229 
5.672858 0.325269 
5.687862 0.316130 
4.199049 0.661682 
3.081738 0.554801 
2.537576 0.725159 
-0.863500 0.271383 
-0.674167 0.142599 
-0.926787 0.215882 
-0.877634 0.321923 
-0.762669 0.282536 
-0.810947 0.288808 
-1.018057 0.491523 
-1.059950 0.548131 
-1.164149 0.591864 
-1.169518 0.539378 
-1.162580 0.389613 
-1.083828 0.372588 
-1.076372 0.252648 
-1.250922 0.323146 
-1.311726 0.379302 
-1.227648 0.317372 
-1.475102 0.429698 
-1.213734 0.298755 
-1.287295 0.336920 
-0.709595 0.380352 
-0.694094 0.418143 
-0.592011 0.359275 
-0.757711 0.443867 
-0.599747 0.347818 
-0.735908 0.431005 
-1.387984 0.382624 
-1.094414 0.321395 
-1.053470 0.237102 
-1.024071 0.217108 
-0.768009 0.041239 
-0.944155 0.056142 
-0.904279 0.068146 
-0.937977 0.079082 
-1.044466 0.093168 
-1.026126 0.089180 
-0.682812 -0.032615 
-1.045362 0.182931 
-1.211359 0.292446 
-1.267010 0.330148 
-1.075679 0.217574 
-1.119191 0.224865 
-1.029763 0.170108 
-1.020354 0.157368 
-1.087612 0.196530 
-1.211635 0.191163 
-1.365016 0.251406 
-1.324667 0.290417 
-1.274762 0.249005 
-1.377876 0.302097 
-1.300428 0.247000 
-1.413535 0.290226 
-1.530000 0.307490 
-0.995011 0.015526 
-0.840454 0.053120 
-0.087575 -0.240675 
0.008759 -0.269333 
0.270929 -0.368101 
0.306275 -0.374653 
2.258418 -0.703798 
2.224875 -0.392368 
2.075366 -0.328146 
1.959542 -0.293042 
1.715226 -0.209504 
1.769804 -0.036734 
0.665646 0.322477 
0.186472 -0.033808 
0.184693 -0.029785 
0.018041 -0.018011 
0.192923 -0.008109 
0.186338 0.019406 
-0.917984 0.199298 
-0.633166 0.107332 
-0.944876 0.241631 
-0.934796 0.228745 
-0.814931 0.181120 
-1.160830 0.272377 
-1.465386 0.329656 
-1.074733 0.127669 
-1.204721 0.192257 
-1.182507 0.185379 
-0.996600 0.239686 
-1.246668 0.326884 
-1.130155 0.311388 
-0.914397 0.225153 
-1.209823 0.308062 
-1.136946 0.325345 
-1.241406 0.326641 
-1.261125 0.321508 
-0.693787 0.465846 
-0.813770 0.507432 
-1.061671 0.638639 
-0.822899 0.511480 
-0.936999 0.499185 
-0.863240 0.457871 
-1.066602 0.151071 
-1.006634 0.116513 
-1.183950 0.203273 
-1.289204 0.265473 
-1.307303 0.296462 
-1.293663 0.303009 
5.655758 -0.984942 
5.803591 -1.030082 
6.524105 -1.048185 
5.947039 -0.726525 
3.366854 -0.777800 
