2.392731 0.492880 -0.179646 0.375578 -1.195823 0.833778 -0.075764 
1.993707 0.542010 -0.179646 0.660908 -1.082505 0.690041 -0.075764 
2.273024 0.738531 -0.179646 1.186205 -0.987267 0.785866 -0.075764 
1.888963 0.468315 -0.238747 1.194511 -0.768321 0.594217 -0.075764 
1.046025 0.050710 -0.297847 0.973185 -1.052282 0.546305 -0.075764 
1.320354 0.271795 -0.238747 0.739230 -1.342558 0.546305 -0.075764 
1.265488 0.713966 -0.238747 0.892389 -1.250879 0.306743 -0.075764 
1.340305 0.935051 -0.238747 0.863441 -1.214032 0.306743 -0.075764 
1.754293 1.549177 -0.238747 1.072836 -1.216531 0.306743 -0.075764 
1.569744 2.163303 -0.238747 1.071698 -1.235206 0.402568 -0.075764 
1.654537 2.458084 -0.238747 0.969527 -1.265165 0.306743 -0.075764 
1.290427 1.524612 -0.238747 1.270225 -1.193030 0.354656 -0.075764 
1.579720 2.286128 -0.238747 0.892493 -1.280483 0.354656 -0.075764 
1.599671 2.949385 -0.238747 0.515071 -1.321779 0.210919 -0.075764 
1.474976 3.047645 -0.238747 0.372793 -1.333849 0.210919 -0.075764 
1.185684 2.531779 -0.238747 0.158004 -1.356290 0.210919 -0.075764 
1.095903 1.794828 -0.179646 0.929599 -1.342931 -0.076555 -0.075764 
1.400159 1.475482 -0.238747 0.550498 -1.444196 0.258831 -0.075764 
1.779232 1.500047 -0.179646 0.454371 -1.539347 1.025427 -0.075764 
3.096010 3.366990 0.056756 0.389653 -1.559359 1.312901 -0.075764 
3.864131 4.177637 0.115856 0.667255 -1.536113 1.792023 -0.075764 
3.799290 4.177637 0.115856 0.648236 -1.536113 1.792023 -0.075764 
4.073619 4.496982 0.115856 0.528155 -1.460471 2.462794 -0.075764 
3.225693 4.103941 0.115856 0.149969 -1.461335 2.319058 -0.075764 
2.746865 3.072210 0.056756 0.318623 -1.463778 1.839935 -0.075764 
1.345293 0.271795 0.056756 0.643945 -1.089865 0.785866 -0.075764 
-0.166010 -0.587982 -0.179646 0.081936 0.767524 0.690041 -0.075764 
-0.290705 -0.563417 -0.179646 -0.200530 1.113230 0.594217 -0.075764 
-0.350558 -0.686242 -0.179646 0.147651 0.962913 0.450480 -0.075764 
-0.545082 -0.686242 -0.238747 0.866275 1.356956 0.019270 -0.075764 
-0.365522 -0.587982 -0.238747 0.498654 1.259614 0.067182 -0.075764 
-0.355546 -0.661677 -0.238747 0.475348 1.962606 0.163007 -0.075764 
-0.180973 -0.661677 -0.238747 0.164114 1.803530 0.594217 -0.075764 
-0.190949 -0.661677 -0.238747 0.177197 1.660712 0.594217 -0.075764 
-0.210900 -0.661677 -0.238747 -0.421283 1.336553 0.690041 -0.075764 
-0.146059 -0.587982 -0.238747 -0.404412 1.230084 0.690041 -0.075764 
-0.250802 -0.661677 -0.238747 -0.333888 0.861332 0.642129 -0.075764 
-0.235839 -0.661677 -0.238747 -0.304374 0.861332 0.642129 -0.075764 
-0.385473 -0.637112 -0.238747 -0.219758 1.596385 0.402568 -0.075764 
-0.001412 -0.686242 -0.238747 0.951442 1.886580 0.210919 -0.075764 
-0.016376 -0.661677 -0.238747 1.325984 -1.615452 0.163007 -0.075764 
-0.026351 -0.637112 -0.179646 1.453722 1.602004 0.067182 -0.075764 
-0.086205 -0.637112 -0.179646 1.541900 1.370860 0.067182 -0.075764 
-0.081217 -0.612547 -0.179646 1.618567 1.661077 0.067182 -0.075764 
-0.111144 -0.637112 -0.179646 1.677778 1.608181 -0.028642 -0.075764 
-0.170998 -0.637112 -0.179646 1.802233 1.636226 -0.028642 -0.075764 
-0.560046 -0.735372 -0.179646 0.142913 2.328275 -0.124467 -0.075764 
-0.565034 -0.710807 -0.179646 0.026595 2.253451 -0.124467 -0.075764 
-0.450314 -0.710807 -0.238747 -0.201001 1.399411 -0.124467 -0.075764 
-0.365522 -0.661677 -0.238747 -0.128775 1.654708 -0.124467 -0.075764 
-0.370510 -0.686242 -0.238747 -0.131528 0.730075 -0.076555 -0.075764 
0.397611 -0.317766 -0.179646 1.232782 -1.666542 0.019270 -0.075764 
0.437514 -0.317766 -0.179646 1.183609 -1.666542 0.019270 -0.075764 
0.307831 -0.317766 -0.179646 1.441526 -1.666542 -0.028642 -0.075764 
0.228026 -0.317766 -0.238747 1.553500 -1.666542 0.019270 -0.075764 
0.118295 -0.317766 -0.179646 1.797477 -1.666542 0.019270 -0.075764 
0.018539 -0.317766 -0.179646 2.002957 -1.666542 -0.028642 -0.075764 
-0.430363 -0.538851 -0.238747 2.066373 -1.630933 -0.076555 -0.075764 
-0.724643 -0.686242 -0.238747 0.644709 2.041987 -0.124467 -0.075764 
-0.724643 -0.686242 -0.238747 0.568302 2.025409 -0.124467 -0.075764 
-0.609924 -0.661677 -0.238747 0.147267 1.607848 -0.076555 -0.075764 
-0.589973 -0.637112 -0.238747 -0.043185 1.472937 -0.076555 -0.075764 
-0.480241 -0.661677 -0.238747 -0.227475 0.788432 0.019270 -0.075764 
-0.156034 -0.514286 -0.238747 -0.044841 0.850470 0.163007 -0.075764 
0.183136 -0.514286 -0.179646 0.386800 0.341215 0.498392 -0.075764 
0.203087 -0.514286 -0.179646 0.429681 0.578602 0.498392 -0.075764 
0.103331 -0.514286 -0.120546 0.538331 0.906617 0.402568 -0.075764 
0.038490 -0.563417 -0.120546 0.614020 -1.697290 0.402568 -0.075764 
-0.076229 -0.563417 -0.120546 0.896923 -1.697290 0.306743 -0.075764 
-0.136083 -0.538851 -0.120546 1.035221 1.026276 0.210919 -0.075764 
-0.520143 -0.637112 -0.179646 0.543385 -1.665790 -0.220291 -0.075764 
-0.505180 -0.637112 -0.179646 0.428530 -1.665790 -0.220291 -0.075764 
-0.380485 -0.637112 -0.179646 0.209488 1.641035 -0.268204 -0.075764 
-0.425375 -0.637112 -0.238747 0.378940 -1.665790 -0.220291 -0.075764 
-0.390461 -0.637112 -0.238747 0.382075 -1.665790 -0.172379 -0.075764 
-0.340583 -0.637112 -0.238747 0.387154 -1.665790 -0.172379 -0.075764 
-0.260778 -0.489721 -0.179646 0.267679 0.816253 -0.124467 -0.075764 
-0.440339 -0.686242 -0.179646 0.332128 1.167750 -0.076555 -0.075764 
-0.540095 -0.759937 -0.179646 0.167027 2.646709 -0.076555 -0.075764 
-0.589973 -0.686242 -0.179646 -0.051772 1.021277 0.067182 -0.075764 
-0.370510 -0.538851 -0.179646 -0.048503 1.035605 -0.028642 -0.075764 
-0.380485 -0.538851 -0.179646 -0.095212 -1.541457 0.019270 -0.075764 
-0.480241 -0.538851 -0.238747 -0.287873 -1.541457 0.067182 -0.075764 
-0.535107 -0.538851 -0.238747 -0.375036 1.035193 -0.028642 -0.075764 
0.048466 -0.440591 -0.238747 0.621297 0.400425 0.210919 -0.075764 
0.651989 0.247230 -0.238747 1.597305 -1.499922 0.163007 -0.075764 
0.701867 0.271795 -0.179646 1.548925 -1.356221 0.115094 -0.075764 
1.095903 0.542010 -0.179646 2.014593 -1.256004 0.450480 -0.075764 
1.125830 0.566575 -0.179646 2.000917 -1.140817 0.450480 -0.075764 
1.125830 0.615705 -0.179646 2.045562 -1.034223 0.450480 -0.075764 
1.345293 0.664836 -0.238747 1.809484 -0.815111 0.546305 -0.075764 
1.310379 0.542010 -0.179646 1.587421 -0.839830 0.546305 -0.075764 
0.736782 0.148970 -0.238747 1.128882 -0.950909 0.498392 -0.075764 
0.731794 0.148970 -0.238747 1.276217 -0.950909 0.402568 -0.075764 
0.158197 -0.342331 -0.238747 0.519346 -1.708090 0.163007 -0.075764 
0.153209 -0.342331 -0.238747 0.470033 -1.708090 0.163007 -0.075764 
0.148222 -0.342331 -0.238747 0.546727 -1.708090 0.163007 -0.075764 
-0.659802 -0.612547 -0.238747 0.854991 1.490891 -0.124467 -0.075764 
-0.709680 -0.686242 -0.238747 0.983546 1.055312 -0.124467 -0.075764 
-0.739607 -0.686242 -0.238747 0.264478 1.055312 -0.124467 -0.075764 
-0.684741 -0.538851 -0.238747 0.229147 1.053583 -0.124467 -0.075764 
-0.724643 -0.612547 -0.238747 0.052256 1.611603 -0.124467 -0.075764 
-0.679753 -0.538851 0.115856 -0.357107 0.883935 -0.411940 -0.075764 
-0.485229 -0.514286 0.647761 -0.186276 0.778617 -0.795238 -0.075764 
-0.410412 -0.563417 1.475169 -0.486292 0.524510 -1.466010 -0.075764 
-0.220876 -0.268636 2.538978 -0.751429 -1.081467 -2.328431 -0.075764 
-0.021364 0.173535 3.720989 -0.931276 -1.089244 -3.286675 -0.075764 
0.208075 0.443750 4.371095 -1.025614 -1.064431 -3.765798 -0.075764 
0.542258 0.591140 4.489296 -1.000080 -0.982282 -3.765798 -0.075764 
0.412575 0.763096 4.607497 -1.281275 -0.905007 -3.909535 -0.075764 
0.367685 0.689401 4.311994 -1.273057 -0.848204 -3.669973 -0.075764 
0.337758 0.492880 3.661889 -1.235590 -0.740104 -3.142939 -0.075764 
0.218051 0.148970 2.775380 -1.174835 -0.465056 -2.376343 -0.075764 
0.058441 -0.072116 1.888872 -1.136723 -0.414662 -1.657659 -0.075764 
-0.066254 0.001579 1.534269 -1.097083 -0.325229 -1.418098 -0.075764 
-0.325619 -0.391461 1.120565 -1.101752 -0.363205 -1.130624 -0.075764 
-0.325619 -0.293201 0.647761 -1.035595 0.235512 -0.699414 -0.075764 
-0.275741 -0.170376 0.293158 -0.947100 -0.132389 -0.411940 -0.075764 
-0.305668 -0.096681 0.115856 -0.886533 -0.091725 -0.268204 -0.075764 
-0.485229 -0.293201 0.115856 -0.876215 0.206937 -0.364028 -0.075764 
-0.460290 -0.391461 0.293158 -0.832396 0.308221 -0.507765 -0.075764 
-0.315644 -0.391461 0.529560 -0.965219 -0.165304 -0.651502 -0.075764 
-0.141071 -0.244071 0.647761 -1.040555 0.073675 -0.747326 -0.075764 
-0.270754 -0.538851 0.647761 -0.965771 0.261729 -0.795238 -0.075764 
-0.295693 -0.538851 0.647761 -0.968620 0.261729 -0.795238 -0.075764 
-0.230851 -0.563417 0.470460 -0.945527 1.185957 -0.603589 -0.075764 
-0.305668 -0.612547 0.234058 -0.925258 1.279739 -0.411940 -0.075764 
-0.435351 -0.637112 -0.002345 -0.867103 1.000055 -0.268204 -0.075764 
-0.510168 -0.563417 -0.179646 -0.796707 1.190768 -0.124467 -0.075764 
-0.594960 -0.538851 -0.238747 -0.846524 0.303858 -0.076555 -0.075764 
-0.575009 -0.391461 -0.238747 -0.991033 0.319583 -0.076555 -0.075764 
-0.530119 -0.268636 -0.238747 -0.983798 0.096692 -0.076555 -0.075764 
-0.654814 -0.293201 -0.238747 -0.931211 0.201628 -0.124467 -0.075764 
-0.609924 -0.244071 -0.179646 -0.883597 -0.040020 -0.172379 -0.075764 
-0.614912 -0.244071 -0.179646 -0.882059 0.187704 -0.172379 -0.075764 
-0.530119 -0.244071 -0.179646 -0.877333 -0.070183 -0.124467 -0.075764 
-0.300680 -0.145811 -0.002345 -0.916577 -0.201603 -0.220291 -0.075764 
-0.205912 -0.145811 0.293158 -0.859030 -0.236435 -0.459853 -0.075764 
-0.180973 -0.145811 0.529560 -0.901696 -0.109008 -0.651502 -0.075764 
-0.091193 -0.194941 0.588661 -0.414131 0.052837 -0.699414 -0.075764 
-0.136083 -0.293201 0.529560 -0.411493 0.055941 -0.651502 -0.075764 
-0.225863 -0.366896 0.529560 -0.354070 0.018598 -0.699414 -0.075764 
-0.390461 -0.293201 0.411359 -0.219813 0.281755 -0.651502 -0.075764 
-0.405424 -0.219506 0.174957 -0.217301 0.146880 -0.459853 -0.075764 
0.238002 0.148970 -0.061445 0.717157 -0.449101 0.067182 -0.075764 
1.190671 0.468315 -0.238747 2.211919 -0.799359 0.258831 -0.075764 
1.445049 0.468315 -0.002345 1.806530 -1.236619 0.163007 -0.075764 
1.759281 0.517445 -0.002345 1.923105 -1.132325 0.306743 -0.075764 
2.297963 0.836791 -0.002345 1.968510 -1.202012 0.450480 -0.075764 
2.317914 0.836791 -0.002345 2.016868 -1.202012 0.450480 -0.075764 
1.724366 0.566575 -0.002345 2.078842 -0.855699 0.115094 -0.075764 
1.320354 0.345490 0.115856 0.899401 -1.226637 0.019270 -0.075764 
1.784220 0.394620 -0.061445 1.192701 -1.076579 0.450480 -0.075764 
1.524854 0.591140 -0.120546 1.153337 -0.873365 0.354656 -0.075764 
0.921330 0.542010 -0.120546 0.685863 -0.859605 0.354656 -0.075764 
0.826562 0.320925 -0.120546 0.701976 -0.703951 0.354656 -0.075764 
0.801623 0.173535 -0.120546 0.719181 -0.441679 0.354656 -0.075764 
0.322795 -0.145811 -0.120546 1.263282 -0.002329 0.354656 -0.075764 
-0.405424 -0.538851 -0.297847 0.040288 0.877381 0.258831 -0.075764 
-0.435351 -0.489721 -0.179646 0.027265 0.784094 0.067182 -0.075764 
-0.475253 -0.440591 -0.238747 0.121431 0.787514 -0.172379 -0.075764 
0.093356 -0.317766 -0.238747 1.570665 0.379788 -0.028642 -0.075764 
0.073405 -0.342331 -0.238747 1.564125 0.400638 -0.028642 -0.075764 
0.058441 -0.366896 -0.238747 1.618599 -1.598512 -0.028642 -0.075764 
0.088368 -0.317766 -0.238747 1.506186 0.140998 -0.028642 -0.075764 
0.058441 -0.366896 -0.238747 1.567814 0.402579 -0.028642 -0.075764 
-0.011388 -0.366896 -0.238747 1.744987 -1.598512 -0.028642 -0.075764 
0.038490 -0.342331 -0.238747 1.940868 0.442252 -0.076555 -0.075764 
0.028514 -0.489721 -0.238747 1.963235 0.682970 -0.028642 -0.075764 
0.048466 -0.489721 -0.238747 1.890459 0.353193 0.067182 -0.075764 
0.043478 -0.366896 -0.238747 1.916394 0.490424 0.067182 -0.075764 
0.058441 -0.440591 -0.238747 1.919848 0.686570 0.067182 -0.075764 
0.063429 -0.465156 -0.238747 1.980979 0.547498 0.067182 -0.075764 
0.103331 -0.465156 -0.179646 1.936531 0.632572 0.019270 -0.075764 
-0.515156 -0.514286 -0.179646 0.225593 0.744407 -0.076555 -0.075764 
-0.579997 -0.489721 -0.179646 0.330747 0.697351 -0.172379 -0.075764 
-0.570021 -0.514286 -0.061445 0.250016 1.055835 -0.268204 -0.075764 
-0.126107 -0.465156 -0.061445 1.313308 0.623452 -0.124467 -0.075764 
0.058441 -0.416026 -0.061445 1.074316 0.481795 -0.124467 -0.075764 
0.407587 0.296360 -0.061445 0.652401 -1.416648 -0.124467 -0.075764 
0.397611 0.296360 -0.120546 0.664179 -1.416648 -0.076555 -0.075764 
0.607099 0.296360 -0.120546 0.429209 -1.416648 0.067182 -0.075764 
0.661965 0.296360 -0.179646 0.364140 -1.416648 0.115094 -0.075764 
0.622062 0.296360 -0.238747 0.348083 -1.416648 0.163007 -0.075764 
0.138246 0.001579 -0.238747 -0.532839 -1.442665 0.019270 -0.075764 
-0.325619 -0.342331 -0.238747 -0.221493 0.214832 0.019270 -0.075764 
-0.161022 -0.194941 -0.120546 -0.059139 -0.012113 -0.028642 -0.075764 
0.242990 -0.170376 -0.238747 1.257422 -0.026858 0.115094 -0.075764 
0.043478 -0.145811 -0.238747 1.709034 -0.001094 0.067182 -0.075764 
0.088368 -0.121246 -0.238747 1.515554 -0.374558 0.115094 -0.075764 
0.088368 -0.121246 -0.238747 1.480250 -0.374624 0.115094 -0.075764 
0.063429 -0.022986 -0.238747 1.635533 -0.300978 0.115094 -0.075764 
0.153209 0.026144 -0.238747 1.489021 -0.366354 0.163007 -0.075764 
-0.081217 -0.440591 -0.238747 1.485382 0.695396 0.163007 -0.075764 
0.342746 -0.268636 -0.238747 1.855425 -1.360114 0.306743 -0.075764 
0.432526 -0.268636 -0.238747 1.713326 -1.360114 0.210919 -0.075764 
0.876440 -0.219506 -0.238747 1.198664 0.026859 0.210919 -0.075764 
0.911355 -0.244071 -0.238747 1.209543 -0.002455 0.210919 -0.075764 
0.921330 -0.219506 -0.238747 1.171516 0.142518 0.115094 -0.075764 
0.637026 -0.293201 -0.238747 1.093894 -1.597604 0.258831 -0.075764 
0.178148 -0.293201 -0.238747 0.331436 -1.597604 0.019270 -0.075764 
-0.041315 -0.293201 -0.238747 -0.208143 -1.597604 -0.124467 -0.075764 
-0.520143 -0.563417 -0.238747 0.199918 1.190824 -0.124467 -0.075764 
-0.565034 -0.440591 -0.179646 0.155015 0.742041 -0.172379 -0.075764 
-0.405424 -0.293201 -0.179646 1.521785 0.133164 -0.172379 -0.075764 
-0.455302 -0.268636 -0.179646 1.681424 0.004767 -0.028642 -0.075764 
0.123283 0.124405 -0.061445 1.472703 -0.566049 -0.028642 -0.075764 
0.153209 0.173535 -0.061445 1.431693 -0.535359 0.067182 -0.075764 
0.173161 0.198100 -0.061445 1.451855 -0.527775 0.067182 -0.075764 
0.437514 0.222665 -0.002345 0.941984 -0.570451 0.067182 -0.075764 
0.228026 -0.145811 -0.061445 0.312177 -0.107966 0.115094 -0.075764 
0.397611 -0.121246 -0.061445 0.228368 -0.105168 0.163007 -0.075764 
0.138246 -0.072116 -0.120546 -0.139897 -0.136858 0.163007 -0.075764 
-0.116132 -0.293201 -0.179646 -0.272531 0.161608 0.019270 -0.075764 
-0.121120 -0.293201 -0.179646 -0.283014 0.178082 -0.076555 -0.075764 
-0.240827 -0.317766 -0.238747 -0.138882 0.277433 -0.124467 -0.075764 
-0.390461 -0.465156 -0.238747 -0.069197 0.553117 -0.076555 -0.075764 
-0.500192 -0.440591 -0.238747 -0.021891 0.619626 -0.124467 -0.075764 
-0.520143 -0.489721 -0.238747 0.193773 0.904832 -0.124467 -0.075764 
0.322795 -0.391461 -0.120546 1.749576 -1.585396 -0.076555 -0.075764 
0.512331 -0.366896 -0.179646 1.814045 0.311220 0.067182 -0.075764 
0.552233 -0.366896 -0.179646 1.839892 0.397630 0.115094 -0.075764 
0.532282 -0.366896 -0.179646 1.864276 0.045187 0.067182 -0.075764 
0.527294 -0.366896 -0.179646 1.853132 0.041136 0.067182 -0.075764 
0.736782 -0.366896 -0.179646 1.548674 0.091313 0.115094 -0.075764 
0.257953 -0.489721 -0.179646 1.201449 0.859694 0.163007 -0.075764 
-0.295693 -0.440591 -0.238747 0.061452 0.791298 -0.028642 -0.075764 
-0.370510 -0.514286 -0.238747 -0.061794 1.006778 -0.028642 -0.075764 
-0.420387 -0.489721 -0.238747 -0.120842 0.977039 0.067182 -0.075764 
-0.400436 -0.489721 -0.238747 -0.151732 0.736486 0.067182 -0.075764 
-0.624887 -0.612547 -0.238747 0.332131 1.269476 0.067182 -0.075764 
-0.629875 -0.538851 -0.238747 0.105697 0.946736 -0.028642 -0.075764 
-0.644838 -0.563417 -0.238747 0.168535 1.077078 -0.028642 -0.075764 
-0.654814 -0.587982 -0.238747 0.188195 1.073856 -0.028642 -0.075764 
-0.664790 -0.489721 -0.238747 0.210854 0.835545 -0.124467 -0.075764 
-0.639851 -0.465156 -0.238747 0.377136 0.814736 -0.124467 -0.075764 
-0.659802 -0.563417 -0.061445 0.339981 0.316839 -0.268204 -0.075764 
-0.604936 -0.440591 -0.061445 0.347593 0.763848 -0.268204 -0.075764 
0.851501 0.419185 -0.002345 2.019636 -0.681365 0.115094 -0.075764 
0.851501 0.394620 -0.002345 1.965379 -0.849357 0.115094 -0.075764 
0.911355 0.443750 -0.002345 1.890368 -0.873709 0.210919 -0.075764 
1.819134 0.787661 0.115856 1.871219 -0.945392 0.546305 -0.075764 
1.819134 0.787661 -0.061445 1.873612 -0.946950 0.690041 -0.075764 
1.819134 0.812226 -0.061445 1.894309 -0.945813 0.690041 -0.075764 
1.165732 0.320925 -0.120546 1.748242 -0.683717 0.642129 -0.075764 
0.342746 -0.293201 -0.120546 1.162476 -1.520819 0.306743 -0.075764 
0.377660 -0.293201 -0.120546 1.155742 -1.520819 0.210919 -0.075764 
-0.126107 -0.440591 -0.238747 1.153623 -1.599150 0.163007 -0.075764 
-0.116132 -0.342331 -0.179646 0.846233 0.426513 0.019270 -0.075764 
0.223039 0.468315 -0.179646 0.380753 -1.229812 -0.028642 -0.075764 
0.218051 0.517445 -0.179646 0.382094 -1.174612 0.067182 -0.075764 
0.242990 0.517445 -0.179646 0.353418 -1.174612 0.067182 -0.075764 
0.267929 0.738531 -0.179646 0.317264 -0.902570 0.067182 -0.075764 
0.597123 0.492880 -0.179646 0.511090 -0.891196 0.354656 -0.075764 
0.542258 0.271795 -0.179646 0.328397 -0.529719 0.354656 -0.075764 
0.228026 0.173535 -0.238747 0.038942 -0.483162 0.210919 -0.075764 
0.118295 -0.391461 -0.238747 -0.046279 0.314612 0.498392 -0.075764 
0.233014 -0.317766 -0.238747 0.104320 0.176058 0.498392 -0.075764 
0.666953 -0.244071 -0.238747 0.506705 0.086032 0.594217 -0.075764 
0.766709 -0.219506 -0.120546 0.283132 -0.172714 0.546305 -0.075764 
1.255513 0.738531 -0.179646 -0.180721 -1.568202 1.025427 -0.075764 
1.250525 0.812226 -0.179646 -0.180684 -1.507483 1.169164 -0.075764 
1.524854 0.812226 -0.120546 0.386665 -1.507483 0.929603 -0.075764 
1.719378 0.836791 -0.120546 0.345300 -1.201767 0.977515 -0.075764 
1.275464 0.836791 -0.120546 0.101869 -1.201767 0.929603 -0.075764 
1.170720 0.836791 -0.120546 0.046475 -1.201767 0.881690 -0.075764 
0.282892 -0.514286 -0.179646 0.727554 1.016305 0.258831 -0.075764 
0.123283 -0.538851 -0.179646 0.962535 0.945151 0.019270 -0.075764 
0.462453 -0.440591 -0.297847 1.241284 0.331839 0.258831 -0.075764 
0.013551 -0.514286 -0.238747 0.736903 0.825233 0.163007 -0.075764 
-0.101168 -0.612547 -0.238747 0.768319 0.348537 0.210919 -0.075764 
0.173161 -0.489721 -0.179646 0.502307 0.866235 0.163007 -0.075764 
0.108319 -0.587982 -0.179646 0.504677 1.122960 0.210919 -0.075764 
0.103331 -0.587982 -0.179646 0.479017 1.020635 0.210919 -0.075764 
-0.255790 -0.514286 -0.179646 -0.250633 1.124876 0.067182 -0.075764 
-0.310656 -0.489721 -0.179646 -0.230828 0.777803 -0.028642 -0.075764 
-0.031339 -0.465156 -0.179646 0.402597 -1.690883 0.210919 -0.075764 
-0.175985 -0.465156 -0.238747 0.576270 -1.690883 0.210919 -0.075764 
-0.255790 -0.465156 -0.238747 0.653859 -1.690883 0.258831 -0.075764 
-0.210900 -0.465156 -0.238747 0.698539 -1.690883 0.210919 -0.075764 
-0.220876 -0.465156 -0.238747 0.705435 -1.690883 0.210919 -0.075764 
-0.245815 -0.465156 -0.238747 0.652441 -1.690883 0.210919 -0.075764 
0.302843 0.148970 -0.061445 0.574557 -0.429148 0.258831 -0.075764 
0.033502 -0.440591 -0.061445 0.309687 0.460782 -0.028642 -0.075764 
0.043478 -0.440591 -0.061445 0.331874 0.408433 -0.028642 -0.075764 
0.557221 0.247230 -0.061445 0.608734 -1.107744 0.210919 -0.075764 
0.492380 0.247230 -0.061445 0.673711 -1.107744 0.210919 -0.075764 
0.676928 0.247230 0.825063 0.405287 -1.107744 -0.507765 -0.075764 
1.300403 2.458084 8.271730 -0.196952 -1.704927 -6.592621 -0.075764 
0.766709 2.458084 8.094429 -0.509607 -1.704927 -6.592621 -0.075764 
0.701867 2.458084 8.094429 -0.570185 -1.704927 -6.592621 -0.075764 
0.661965 2.458084 8.094429 -0.604414 -1.704927 -6.592621 -0.075764 
0.148222 2.458084 8.094429 -1.414349 -1.704927 -6.832182 -0.075764 
0.053453 2.458084 8.094429 -1.468198 -1.704927 -6.832182 -0.075764 
-0.440339 -0.637112 -0.238747 -0.897228 0.438648 0.163007 -0.075764 
1.519866 3.072210 -0.238747 -0.967852 -1.648290 1.935760 -0.075764 
2.312926 3.612641 -0.238747 -0.690134 -1.649950 2.223233 -0.075764 
2.342853 3.612641 -0.238747 -0.688260 -1.649950 2.223233 -0.075764 
2.667060 3.612641 -0.238747 -0.734269 -1.649950 2.462794 -0.075764 
2.891511 3.612641 -0.179646 -0.757597 -1.649950 2.510707 -0.075764 
2.921437 3.612641 -0.238747 -0.758922 -1.649950 2.510707 -0.075764 
2.317914 1.917653 -0.297847 -0.323074 -1.665885 1.839935 -0.075764 
0.158197 0.247230 -0.238747 0.025478 -0.631616 0.354656 -0.075764 
0.013551 0.001579 -0.238747 0.087438 -0.428505 0.546305 -0.075764 
-0.096181 -0.170376 -0.238747 0.200455 -0.077989 0.546305 -0.075764 
1.639573 2.458084 -0.238747 2.621445 -1.703106 0.115094 -0.075764 
1.659525 2.458084 -0.179646 2.599233 -1.703106 0.067182 -0.075764 
3.280559 2.458084 -0.238747 1.259384 -1.703106 1.839935 -0.075764 
3.295522 2.458084 -0.238747 1.240315 -1.703106 1.792023 -0.075764 
3.385303 2.458084 -0.238747 1.193955 -1.703106 1.887847 -0.075764 
3.410242 2.482649 -0.238747 1.181621 -1.433570 1.887847 -0.075764 
2.512438 2.482649 -0.238747 0.352729 -1.433570 1.983672 -0.075764 
1.649549 2.507214 -0.238747 -0.520654 -1.285489 2.223233 -0.075764 
0.811599 0.615705 -0.238747 -0.314636 -0.909470 1.792023 -0.075764 
-0.260778 -0.366896 -0.238747 -0.840115 0.378207 0.881690 -0.075764 
-0.305668 -0.416026 -0.238747 -0.845221 0.417075 0.881690 -0.075764 
-0.350558 -0.366896 -0.238747 -0.665741 0.337672 0.498392 -0.075764 
-0.395449 -0.416026 -0.238747 -0.689102 -0.786025 0.498392 -0.075764 
0.332770 0.320925 -0.238747 -0.570818 -0.662194 1.169164 -0.075764 
0.252965 0.222665 -0.238747 -0.486435 -1.085601 0.594217 -0.075764 
0.247978 0.222665 -0.238747 -0.512709 -1.085601 0.642129 -0.075764 
0.272917 0.222665 -0.238747 -0.508079 -1.085601 0.642129 -0.075764 
0.267929 0.198100 -0.238747 -0.546593 -1.659865 0.737954 -0.075764 
0.402599 0.198100 -0.238747 -0.591101 -1.659865 0.737954 -0.075764 
0.407587 0.198100 -0.238747 -0.569708 -1.659865 0.690041 -0.075764 
-0.265766 -0.194941 -0.238747 -0.362920 -0.000727 0.067182 -0.075764 
-0.305668 -0.219506 -0.238747 -0.375490 0.044784 0.019270 -0.075764 
-0.275741 -0.096681 -0.238747 -0.319975 -0.143840 0.019270 -0.075764 
-0.325619 -0.194941 -0.238747 -0.224067 -0.057043 -0.076555 -0.075764 
-0.335595 -0.219506 -0.238747 -0.209817 0.085344 -0.076555 -0.075764 
-0.435351 -0.194941 -0.238747 -0.101213 -0.009963 0.115094 -0.075764 
-0.340583 -0.145811 -0.238747 -0.124384 -0.101524 0.115094 -0.075764 
-0.220876 -0.170376 -0.238747 -0.629688 -0.042991 0.067182 -0.075764 
-0.315644 -0.268636 -0.238747 -0.583648 0.114972 0.163007 -0.075764 
-0.350558 -0.440591 -0.238747 -0.625696 0.464372 0.163007 -0.075764 
-0.310656 -0.366896 -0.238747 -0.678599 0.159453 0.163007 -0.075764 
-0.310656 -0.391461 -0.238747 -0.663953 0.529651 0.163007 -0.075764 
-0.375497 -0.391461 -0.238747 -0.714967 0.420796 -0.028642 -0.075764 
-0.644838 -0.366896 -0.238747 -0.706486 0.538422 -0.028642 -0.075764 
-0.500192 -0.489721 -0.238747 1.114192 0.906089 0.067182 -0.075764 
-0.275741 0.026144 -0.238747 1.935809 -1.450304 0.067182 -0.075764 
0.651989 0.664836 -0.238747 0.436004 -1.616671 0.929603 -0.075764 
1.280452 1.672002 -0.061445 0.104304 -1.562962 1.360813 -0.075764 
2.218158 3.293295 -0.179646 -0.040713 -1.601878 2.319058 -0.075764 
2.477524 3.293295 -0.179646 0.242918 -1.601878 2.366970 -0.075764 
2.512438 3.293295 -0.179646 0.210118 -1.601878 2.462794 -0.075764 
2.327890 3.293295 -0.179646 -0.082224 -1.601878 2.558619 -0.075764 
1.854049 2.924819 -0.179646 -0.345770 -1.615962 2.366970 -0.075764 
0.761721 1.057876 -0.238747 0.050054 -1.643203 1.312901 -0.075764 
-0.435351 -0.317766 -0.238747 0.765817 0.288754 0.258831 -0.075764 
-0.370510 -0.366896 -0.238747 0.881179 0.537005 0.163007 -0.075764 
-0.699704 -0.538851 -0.238747 -0.511241 0.941777 0.115094 -0.075764 
-0.719655 -0.489721 -0.238747 -0.423820 0.966395 -0.076555 -0.075764 
-0.350558 -0.391461 -0.238747 1.265636 0.495090 0.019270 -0.075764 
-0.360534 -0.465156 -0.238747 1.267416 0.070323 0.115094 -0.075764 
-0.265766 -0.268636 -0.238747 1.017369 0.170307 0.210919 -0.075764 
-0.320632 -0.416026 -0.238747 1.159132 0.528115 0.258831 -0.075764 
-0.245815 -0.391461 -0.238747 1.156722 -0.172624 0.354656 -0.075764 
-0.195937 -0.268636 -0.238747 1.224705 -0.400909 0.354656 -0.075764 
-0.480241 -0.268636 -0.238747 0.251422 -0.400909 0.354656 -0.075764 
-0.570021 -0.514286 -0.238747 -0.061043 0.822012 0.258831 -0.075764 
-0.490217 -0.317766 -0.238747 -0.067529 0.264018 0.067182 -0.075764 
-0.485229 -0.391461 -0.238747 -0.087016 0.497659 0.067182 -0.075764 
-0.490217 -0.416026 -0.238747 -0.053998 0.383705 0.067182 -0.075764 
-0.674765 -0.342331 -0.238747 -0.660322 0.288615 -0.124467 -0.075764 
-0.654814 -0.366896 -0.238747 -0.625024 0.232771 -0.124467 -0.075764 
-0.570021 -0.219506 -0.238747 -0.565907 0.123411 -0.124467 -0.075764 
-0.555058 -0.219506 -0.238747 -0.600000 0.055082 -0.124467 -0.075764 
-0.629875 -0.416026 -0.238747 -0.428358 0.187107 -0.124467 -0.075764 
-0.614912 -0.317766 -0.179646 -0.409551 0.194646 -0.172379 -0.075764 
-0.604936 -0.391461 -0.179646 -0.206537 0.494034 -0.220291 -0.075764 
-0.490217 -0.317766 -0.179646 -0.189966 0.284376 -0.220291 -0.075764 
-0.455302 -0.145811 -0.179646 -0.344244 -0.181871 -0.220291 -0.075764 
-0.390461 -0.096681 -0.120546 -0.459583 -0.207636 -0.268204 -0.075764 
1.370232 2.580909 -0.120546 -0.912208 -1.647121 1.456637 -0.075764 
3.854156 4.570677 -0.179646 0.130617 -1.631969 2.079496 -0.075764 
3.958900 4.595242 -0.179646 0.222326 -1.606758 2.271145 -0.075764 
4.313033 5.012848 -0.297847 0.335460 -1.557476 2.558619 -0.075764 
4.512545 5.037413 -0.179646 0.257482 -1.513484 3.421040 -0.075764 
4.527509 5.160238 -0.238747 0.255763 -1.516184 3.612689 -0.075764 
3.894058 4.005681 -0.356948 0.437559 -1.496550 3.181478 -0.075764 
1.370232 0.443750 -0.238747 0.694290 -1.151181 1.983672 -0.075764 
-0.031339 -0.293201 -0.238747 0.056677 -0.008215 1.217076 -0.075764 
-0.440339 -0.489721 -0.238747 -1.131982 0.714359 1.025427 -0.075764 
-0.475253 -0.514286 -0.238747 -0.922153 0.927005 0.306743 -0.075764 
-0.335595 -0.366896 -0.238747 -0.729328 0.463925 0.019270 -0.075764 
-0.300680 -0.416026 -0.238747 -0.685738 0.488282 0.019270 -0.075764 
-0.205912 -0.465156 -0.238747 -0.769091 0.637990 0.642129 -0.075764 
-0.205912 -0.489721 -0.238747 -0.761756 0.646852 0.594217 -0.075764 
-0.091193 -0.366896 -0.238747 -0.755536 0.369677 0.642129 -0.075764 
-0.250802 -0.489721 -0.238747 -0.779562 0.658079 0.642129 -0.075764 
-0.101168 -0.366896 -0.238747 -0.615481 0.381888 0.785866 -0.075764 
-0.350558 -0.489721 -0.238747 -0.668005 0.762950 0.737954 -0.075764 
-0.290705 -0.538851 -0.179646 -0.423384 0.769020 0.785866 -0.075764 
-0.245815 -0.293201 -0.238747 -0.151523 -1.010730 0.354656 -0.075764 
-0.185961 -0.293201 -0.238747 -0.135570 -1.010730 0.402568 -0.075764 
-0.340583 -0.293201 -0.238747 0.012617 -1.010730 0.354656 -0.075764 
-0.290705 -0.293201 -0.238747 -0.004326 -1.010730 0.306743 -0.075764 
-0.420387 -0.514286 -0.297847 -0.176190 -1.303629 0.306743 -0.075764 
-0.575009 -0.563417 -0.238747 -0.406515 0.984088 0.210919 -0.075764 
-0.654814 -0.416026 -0.238747 -0.622753 0.536248 0.067182 -0.075764 
-0.679753 -0.514286 -0.238747 -0.661511 0.755336 0.067182 -0.075764 
-0.664790 -0.440591 -0.238747 -0.428310 0.611916 -0.028642 -0.075764 
-0.579997 -0.342331 -0.238747 -0.415348 0.378174 -0.028642 -0.075764 
-0.619899 -0.514286 -0.238747 -0.318219 0.757986 -0.124467 -0.075764 
-0.510168 -0.440591 -0.238747 -0.259552 0.557060 -0.124467 -0.075764 
-0.470265 -0.366896 -0.238747 -0.292625 0.353212 -0.124467 -0.075764 
-0.530119 -0.440591 -0.179646 -0.355284 0.391707 -0.172379 -0.075764 
-0.575009 -0.465156 -0.179646 -0.351778 0.809105 -0.172379 -0.075764 
-0.604936 -0.366896 -0.179646 -0.507436 0.479460 -0.172379 -0.075764 
-0.734619 -0.514286 -0.179646 -0.526602 0.231169 -0.172379 -0.075764 
-0.749582 -0.391461 -0.179646 -0.592598 0.596868 -0.172379 -0.075764 
-0.804448 -0.465156 -0.179646 -0.704784 0.875217 -0.172379 -0.075764 
-0.749582 -0.514286 -0.179646 -0.757774 1.084553 -0.172379 -0.075764 
-0.664790 -0.465156 -0.238747 -0.674242 0.640822 -0.124467 -0.075764 
-0.629875 -0.440591 -0.238747 -0.716823 0.624514 -0.124467 -0.075764 
-0.500192 -0.317766 -0.238747 -0.811528 0.201485 -0.124467 -0.075764 
-0.480241 -0.268636 -0.238747 -0.794917 0.130713 -0.124467 -0.075764 
-0.505180 -0.342331 -0.238747 -0.796042 0.219268 -0.124467 -0.075764 
-0.584985 -0.391461 -0.238747 -0.777145 0.308460 -0.124467 -0.075764 
-0.614912 -0.293201 -0.238747 -0.698565 0.156943 -0.124467 -0.075764 
-0.644838 -0.244071 -0.238747 -0.835711 0.196645 -0.124467 -0.075764 
-0.689729 -0.317766 -0.238747 -0.821445 0.375471 -0.124467 -0.075764 
-0.824399 -0.489721 -0.238747 -0.680002 0.989978 -0.124467 -0.075764 
-0.879265 -0.612547 -0.238747 -0.622122 0.651596 -0.124467 -0.075764 
-0.824399 -0.514286 -0.238747 -0.641188 0.833897 -0.124467 -0.075764 
-0.849338 -0.587982 -0.238747 -0.630796 1.118933 -0.124467 -0.075764 
-0.794472 -0.465156 -0.238747 -0.643036 0.809344 -0.124467 -0.075764 
-0.814424 -0.514286 -0.238747 -0.613817 0.890838 -0.124467 -0.075764 
-0.829387 -0.563417 -0.238747 -0.694155 1.085582 -0.124467 -0.075764 
-0.834375 -0.563417 -0.238747 -0.653247 1.109630 -0.124467 -0.075764 
-0.824399 -0.489721 -0.238747 -0.621204 0.815869 -0.124467 -0.075764 
-0.819411 -0.563417 -0.238747 -0.674415 1.185050 -0.124467 -0.075764 
-0.739607 -0.489721 -0.238747 -0.641331 0.819995 -0.124467 -0.075764 
-0.744594 -0.514286 -0.238747 -0.609324 0.935701 -0.124467 -0.075764 
-0.739607 -0.612547 -0.238747 -0.600054 1.265574 -0.124467 -0.075764 
-0.674765 -0.563417 -0.238747 -0.551201 1.290951 -0.124467 -0.075764 
-0.664790 -0.538851 -0.238747 -0.546512 1.254892 -0.124467 -0.075764 
-0.709680 -0.612547 -0.238747 -0.578093 1.162269 -0.124467 -0.075764 
-0.674765 -0.416026 -0.238747 -0.525170 0.707201 -0.124467 -0.075764 
-0.689729 -0.587982 -0.238747 -0.200489 1.427991 -0.028642 -0.075764 
-0.714668 -0.587982 -0.238747 -0.181920 1.119055 -0.028642 -0.075764 
-0.739607 -0.538851 -0.179646 -0.127273 1.057748 -0.076555 -0.075764 
-0.709680 -0.587982 -0.179646 0.084287 1.119268 -0.028642 -0.075764 
-0.629875 -0.416026 -0.238747 0.301449 -0.499007 0.067182 -0.075764 
-0.550070 -0.416026 -0.238747 0.162197 0.523560 0.067182 -0.075764 
-0.450314 -0.416026 -0.238747 -0.043096 -0.499007 0.115094 -0.075764 
-0.535107 -0.465156 -0.238747 -0.282531 0.607218 0.019270 -0.075764 
-0.490217 -0.391461 -0.238747 -0.272379 0.608412 0.019270 -0.075764 
-0.599948 -0.465156 -0.238747 -0.452515 0.551558 -0.028642 -0.075764 
-0.664790 -0.440591 -0.238747 -0.729093 0.712545 -0.076555 -0.075764 
-0.619899 -0.317766 -0.238747 -0.761722 0.392075 -0.076555 -0.075764 
-0.704692 -0.489721 -0.238747 -0.784192 0.803163 -0.076555 -0.075764 
-0.834375 -0.514286 -0.238747 -0.566613 1.110429 -0.124467 -0.075764 
-0.849338 -0.563417 -0.238747 -0.709065 1.080142 -0.124467 -0.075764 
-0.884253 -0.587982 -0.238747 -0.726491 1.119066 -0.124467 -0.075764 
-0.694716 -0.440591 -0.238747 -0.983104 0.620172 0.019270 -0.075764 
-0.694716 -0.440591 -0.238747 -1.041984 0.624222 0.019270 -0.075764 
-0.704692 -0.514286 -0.238747 -0.976169 0.984388 0.019270 -0.075764 
-0.614912 -0.465156 -0.238747 -0.792063 0.725293 0.019270 -0.075764 
-0.649826 -0.563417 -0.238747 -0.791122 0.991509 0.019270 -0.075764 
-0.629875 -0.538851 -0.238747 -0.748167 0.891355 0.019270 -0.075764 
-0.699704 -0.514286 -0.297847 -0.530531 0.915017 -0.028642 -0.075764 
-0.749582 -0.489721 -0.238747 -0.503141 0.841572 -0.124467 -0.075764 
-0.779509 -0.587982 -0.238747 -0.357851 1.441569 -0.124467 -0.075764 
-0.804448 -0.563417 -0.238747 -0.399600 1.016227 -0.124467 -0.075764 
-0.809436 -0.637112 -0.238747 -0.372798 0.800607 -0.124467 -0.075764 
-0.629875 -0.465156 -0.238747 -0.449615 0.883970 -0.172379 -0.075764 
-0.654814 -0.514286 -0.238747 -0.504921 1.061219 -0.172379 -0.075764 
-0.634863 -0.465156 -0.238747 -0.513649 0.825287 -0.172379 -0.075764 
-0.609924 -0.416026 -0.238747 -0.507633 0.506979 -0.172379 -0.075764 
-0.624887 -0.416026 -0.238747 -0.571529 0.484996 -0.172379 -0.075764 
-0.669777 -0.391461 -0.238747 -0.656686 0.363454 -0.172379 -0.075764 
-0.659802 -0.317766 -0.238747 -0.676400 0.187168 -0.172379 -0.075764 
-0.764546 -0.416026 -0.238747 -0.728780 0.386899 -0.028642 -0.075764 
-0.709680 -0.293201 -0.238747 -0.750536 0.185253 -0.028642 -0.075764 
-0.460290 -0.268636 -0.238747 -0.732569 0.188457 0.019270 -0.075764 
-0.455302 -0.366896 -0.238747 -0.665472 0.445727 0.019270 -0.075764 
-0.475253 -0.440591 -0.238747 -0.675967 0.461428 0.019270 -0.075764 
-0.435351 -0.366896 -0.238747 -0.690588 0.405886 0.019270 -0.075764 
-0.410412 -0.489721 0.352259 -0.810012 0.277876 -0.507765 -0.075764 
-0.235839 -0.317766 1.002364 -0.969195 0.377052 -1.034800 -0.075764 
-0.225863 -0.145811 1.770671 -1.129039 -0.957606 -1.657659 -0.075764 
-0.365522 0.124405 2.479878 -1.337094 -0.949139 -2.280518 -0.075764 
-0.255790 0.419185 3.189084 -1.420200 -0.933551 -2.855465 -0.075764 
-0.131095 0.713966 3.898291 -1.471279 -0.923153 -3.430412 -0.075764 
-0.056278 0.836791 4.430196 -1.478912 -0.887631 -3.909535 -0.075764 
0.083380 0.836791 4.430196 -1.407277 -0.887931 -3.909535 -0.075764 
0.083380 0.836791 4.430196 -1.325260 -0.888020 -3.909535 -0.075764 
0.078392 0.836791 4.430196 -1.320192 -0.887976 -3.909535 -0.075764 
0.113307 0.836791 4.371095 -1.284181 -0.887926 -3.861622 -0.075764 
0.008563 0.615705 3.839190 -1.276851 -0.883002 -3.430412 -0.075764 
-0.051290 0.320925 3.129984 -1.127810 -0.885602 -2.855465 -0.075764 
-0.190949 0.026144 2.420777 -1.019863 -0.889772 -2.280518 -0.075764 
-0.440339 -0.268636 1.711571 -1.027666 -0.896880 -1.705571 -0.075764 
-0.545082 -0.538851 1.002364 -0.913044 1.215364 -1.130624 -0.075764 
-0.669777 -0.563417 0.293158 -0.733445 1.030743 -0.555677 -0.075764 
-0.759558 -0.563417 -0.238747 -0.527275 0.887441 -0.124467 -0.075764 
-0.754570 -0.489721 -0.238747 -0.531655 0.743920 -0.124467 -0.075764 
-0.784497 -0.440591 -0.238747 -0.781599 0.624992 -0.124467 -0.075764 
-0.764546 -0.538851 -0.238747 -0.757491 0.669731 -0.124467 -0.075764 
-0.709680 -0.465156 -0.238747 -0.711080 0.726456 -0.124467 -0.075764 
-0.759558 -0.563417 -0.238747 -0.808934 0.983729 -0.124467 -0.075764 
-0.784497 -0.563417 -0.238747 -0.726336 1.148979 -0.124467 -0.075764 
-0.759558 -0.489721 -0.238747 -0.697328 0.912819 -0.124467 -0.075764 
-0.759558 -0.489721 -0.238747 -0.772906 0.820737 -0.124467 -0.075764 
-0.594960 -0.440591 -0.238747 -0.898059 0.658500 -0.124467 -0.075764 
-0.520143 -0.416026 -0.238747 -0.374707 0.417167 -0.028642 -0.075764 
-0.530119 -0.465156 -0.238747 -0.366867 0.470972 -0.028642 -0.075764 
-0.400436 -0.416026 -0.238747 -0.489038 0.672146 -0.028642 -0.075764 
-0.185961 -0.391461 -0.238747 -0.709061 0.564365 0.115094 -0.075764 
-0.175985 -0.366896 -0.238747 -0.731754 0.381997 0.115094 -0.075764 
0.013551 -0.293201 -0.238747 -0.781481 0.276741 0.163007 -0.075764 
-0.071242 -0.317766 -0.238747 -0.469239 -0.154184 0.210919 -0.075764 
-0.101168 -0.268636 -0.238747 -0.552676 0.109150 0.258831 -0.075764 
-0.106156 -0.391461 -0.238747 -0.513911 0.392598 0.258831 -0.075764 
-0.166010 -0.465156 -0.238747 -0.489293 0.592978 0.258831 -0.075764 
-0.166010 -0.391461 -0.238747 -0.227073 0.422606 0.163007 -0.075764 
-0.161022 -0.416026 -0.238747 -0.264462 0.545809 0.210919 -0.075764 
-0.151046 -0.391461 -0.238747 -0.291596 0.414763 0.210919 -0.075764 
-0.400436 -0.465156 -0.238747 -0.725926 0.551706 0.019270 -0.075764 
-0.385473 -0.391461 -0.238747 -0.727428 0.377110 0.115094 -0.075764 
-0.425375 -0.440591 -0.238747 -0.758657 0.386382 0.115094 -0.075764 
-0.455302 -0.317766 -0.238747 -0.776262 0.319547 0.115094 -0.075764 
-0.749582 -0.440591 -0.238747 -0.818193 0.732873 -0.076555 -0.075764 
-0.854326 -0.587982 -0.238747 -0.815725 0.975336 -0.028642 -0.075764 
-0.490217 -0.293201 -0.238747 -0.729862 -1.488657 -0.028642 -0.075764 
-0.485229 -0.219506 -0.238747 -0.764278 -1.433799 -0.028642 -0.075764 
-0.485229 -0.219506 -0.179646 -0.765029 -1.433799 -0.172379 -0.075764 
-0.435351 -0.219506 -0.179646 -0.775745 0.064751 -0.172379 -0.075764 
-0.495204 -0.219506 -0.179646 -0.770717 -1.433799 -0.172379 -0.075764 
-0.495204 -0.219506 -0.179646 -0.769382 -1.433799 -0.172379 -0.075764 
-0.415400 -0.244071 -0.179646 -0.689952 -1.560058 -0.172379 -0.075764 
-0.784497 -0.563417 -0.179646 -0.559180 1.214257 -0.172379 -0.075764 
-0.774521 -0.587982 -0.238747 -0.511103 1.119062 -0.124467 -0.075764 
-0.689729 -0.416026 -0.238747 -0.538254 0.556486 -0.124467 -0.075764 
-0.555058 -0.465156 -0.238747 -0.819147 0.803871 -0.028642 -0.075764 
-0.535107 -0.416026 -0.238747 -0.812277 0.619005 -0.028642 -0.075764 
-0.535107 -0.440591 -0.238747 -0.830250 0.743779 -0.076555 -0.075764 
-0.270754 -0.244071 -0.238747 -0.929650 -1.441836 0.067182 -0.075764 
-0.215888 -0.170376 -0.238747 -0.871434 -1.402715 0.067182 -0.075764 
-0.220876 -0.170376 -0.238747 -0.938573 -1.402715 0.067182 -0.075764 
-0.350558 -0.170376 -0.238747 -0.849652 -1.402715 -0.028642 -0.075764 
-0.445326 -0.170376 -0.238747 -0.747256 -1.402715 -0.028642 -0.075764 
-0.495204 -0.170376 -0.238747 -0.750314 -1.402715 0.019270 -0.075764 
-0.694716 -0.563417 -0.238747 -0.677449 1.058309 -0.124467 -0.075764 
-0.859314 -0.538851 -0.238747 -0.689619 0.946183 -0.124467 -0.075764 
-0.859314 -0.514286 -0.238747 -0.824207 0.929682 -0.124467 -0.075764 
-0.879265 -0.587982 -0.238747 -0.689659 1.139649 -0.124467 -0.075764 
-0.789485 -0.563417 -0.238747 -0.488552 1.089719 -0.124467 -0.075764 
-0.769533 -0.587982 -0.238747 -0.426468 1.119117 -0.124467 -0.075764 
-0.754570 -0.563417 -0.238747 -0.433951 1.286204 -0.124467 -0.075764 
-0.764546 -0.587982 -0.238747 -0.396587 1.119089 -0.124467 -0.075764 
-0.704692 -0.489721 -0.238747 -0.488509 0.783811 -0.124467 -0.075764 
-0.724643 -0.514286 -0.238747 -0.393993 0.830257 -0.124467 -0.075764 
-0.804448 -0.563417 -0.238747 -0.508750 1.040165 -0.124467 -0.075764 
-0.869289 -0.587982 -0.238747 -0.688412 1.119048 -0.124467 -0.075764 
-0.819411 -0.489721 -0.238747 -0.650950 0.815465 -0.124467 -0.075764 
-0.799460 -0.587982 -0.238747 -0.743768 1.119107 -0.124467 -0.075764 
-0.694716 -0.465156 -0.179646 -0.760485 0.737116 -0.172379 -0.075764 
-0.629875 -0.489721 -0.179646 -0.788158 0.871691 -0.172379 -0.075764 
-0.619899 -0.587982 -0.179646 -0.697741 1.119094 -0.172379 -0.075764 
-0.599948 -0.563417 -0.179646 -0.701628 1.061677 -0.172379 -0.075764 
-0.584985 -0.514286 -0.179646 -0.696680 0.830308 -0.172379 -0.075764 
-0.649826 -0.563417 -0.179646 -0.696575 1.121888 -0.172379 -0.075764 
-0.664790 -0.465156 -0.179646 -0.718149 0.825231 -0.172379 -0.075764 
-0.435351 -0.293201 -0.238747 -0.853303 0.313407 -0.076555 -0.075764 
-0.510168 -0.366896 -0.238747 -0.916433 -0.154158 -0.076555 -0.075764 
-0.290705 -0.170376 -0.238747 -0.869528 0.007540 -0.076555 -0.075764 
-0.290705 -0.244071 -0.238747 -0.883615 -0.023524 -0.076555 -0.075764 
-0.280729 -0.268636 -0.238747 -0.825499 0.001190 -0.076555 -0.075764 
-0.210900 -0.096681 -0.238747 -0.851115 -0.185742 -0.076555 -0.075764 
-0.300680 -0.293201 -0.238747 -0.855892 0.087495 -0.076555 -0.075764 
-0.575009 -0.514286 -0.238747 -0.714088 0.765487 -0.028642 -0.075764 
-0.545082 -0.440591 -0.238747 -0.696281 0.674675 -0.028642 -0.075764 
-0.769533 -0.563417 -0.238747 -0.746928 0.983988 -0.028642 -0.075764 
-0.614912 -0.538851 -0.238747 -0.761247 0.861118 -0.028642 -0.075764 
-0.545082 -0.317766 -0.238747 -0.846880 0.293618 -0.028642 -0.075764 
-0.540095 -0.440591 -0.179646 -0.822936 0.732590 0.019270 -0.075764 
0.203087 -0.022986 -0.179646 2.808025 -1.710382 0.115094 -0.075764 
0.218051 -0.022986 -0.179646 2.785040 -1.710382 0.019270 -0.075764 
0.188124 -0.022986 -0.179646 2.860279 -1.710382 0.019270 -0.075764 
0.262941 -0.022986 -0.179646 2.709255 -1.710382 0.019270 -0.075764 
0.267929 -0.022986 -0.179646 2.660623 -1.710382 0.067182 -0.075764 
0.272917 -0.022986 -0.179646 2.671932 -1.710382 0.067182 -0.075764 
-0.510168 -0.317766 -0.238747 -0.702254 0.191143 0.019270 -0.075764 
-0.530119 -0.391461 -0.238747 -0.762408 0.523844 0.115094 -0.075764 
-0.540095 -0.391461 -0.238747 -0.783214 0.420784 0.115094 -0.075764 
-0.674765 -0.416026 -0.238747 -0.723691 0.453265 0.067182 -0.075764 
-0.709680 -0.366896 -0.238747 -0.785592 0.382122 0.067182 -0.075764 
-0.809436 -0.514286 -0.238747 -0.824815 0.748990 0.067182 -0.075764 
-0.799460 -0.489721 -0.238747 -0.825487 0.790308 0.067182 -0.075764 
-0.824399 -0.587982 -0.238747 -0.753595 1.118826 0.067182 -0.075764 
-0.854326 -0.563417 -0.238747 -0.584559 1.285914 -0.124467 -0.075764 
-0.874277 -0.612547 -0.238747 -0.583770 1.298066 -0.124467 -0.075764 
-0.829387 -0.514286 -0.238747 -0.655515 0.930048 -0.124467 -0.075764 
-0.719655 -0.416026 -0.238747 -0.802287 0.688161 -0.124467 -0.075764 
-0.754570 -0.514286 -0.238747 -0.823504 0.749017 -0.124467 -0.075764 
-0.749582 -0.489721 -0.238747 -0.859253 0.659804 -0.124467 -0.075764 
-0.724643 -0.440591 -0.238747 -0.912830 0.598888 -0.028642 -0.075764 
-0.744594 -0.489721 -0.238747 -0.918020 0.646178 -0.028642 -0.075764 
-0.719655 -0.416026 -0.238747 -0.975836 0.569735 -0.028642 -0.075764 
-0.724643 -0.416026 -0.238747 -0.923263 0.475568 -0.028642 -0.075764 
-0.864302 -0.587982 -0.238747 -0.796613 1.119102 -0.028642 -0.075764 
-0.864302 -0.563417 -0.238747 -0.811951 1.094052 -0.028642 -0.075764 
-0.809436 -0.489721 -0.238747 -0.737571 0.960985 -0.028642 -0.075764 
-0.764546 -0.563417 -0.238747 -0.487421 1.039458 -0.124467 -0.075764 
-0.719655 -0.440591 -0.238747 -0.552929 0.742628 -0.124467 -0.075764 
-0.769533 -0.563417 -0.238747 -0.501900 1.062697 -0.124467 -0.075764 
-0.764546 -0.587982 -0.238747 -0.544192 1.019841 -0.124467 -0.075764 
-0.744594 -0.514286 -0.238747 -0.460836 1.106977 -0.124467 -0.075764 
-0.764546 -0.538851 -0.238747 -0.456764 1.006189 -0.124467 -0.075764 
-0.834375 -0.563417 -0.238747 -0.547382 0.983932 -0.124467 -0.075764 
-0.784497 -0.366896 -0.238747 -0.717440 0.410427 -0.124467 -0.075764 
-0.854326 -0.538851 -0.238747 -0.685959 0.993972 -0.124467 -0.075764 
-0.854326 -0.538851 -0.238747 -0.682148 1.148520 -0.124467 -0.075764 
-0.834375 -0.489721 -0.238747 -0.659988 0.793528 -0.124467 -0.075764 
1.400159 0.885921 -0.238747 4.883423 -1.629609 -0.076555 -0.075764 
1.455025 0.885921 -0.238747 4.778479 -1.629609 -0.124467 -0.075764 
2.253073 2.531779 -0.238747 4.727119 -1.547723 -0.028642 -0.075764 
3.574839 2.531779 -0.238747 4.390348 -1.547723 0.402568 -0.075764 
3.679583 2.531779 -0.238747 4.285744 -1.547723 0.498392 -0.075764 
3.729461 2.531779 -0.238747 4.245470 -1.547723 0.498392 -0.075764 
2.806718 0.910486 -0.238747 3.925247 -1.453450 0.594217 -0.075764 
1.494927 0.566575 -0.179646 3.023295 -1.676572 0.642129 -0.075764 
1.305391 0.271795 -0.179646 2.858452 -1.155147 0.690041 -0.075764 
-0.420387 -0.342331 -0.179646 -0.875443 0.418698 0.210919 -0.075764 
-0.355546 -0.268636 -0.179646 -0.846440 0.141659 0.115094 -0.075764 
-0.445326 -0.416026 -0.179646 -0.888185 0.383517 0.115094 -0.075764 
-0.425375 -0.391461 -0.179646 -0.942644 0.389505 0.306743 -0.075764 
-0.405424 -0.342331 -0.179646 -0.924604 0.232786 0.306743 -0.075764 
-0.410412 -0.342331 -0.238747 -0.883684 0.312232 0.210919 -0.075764 
-0.445326 -0.440591 -0.238747 -0.836367 0.718418 0.354656 -0.075764 
-0.579997 -0.489721 -0.238747 -0.624715 0.741828 0.354656 -0.075764 
-0.540095 -0.514286 -0.238747 -0.659341 0.964779 0.354656 -0.075764 
-0.570021 -0.538851 -0.238747 -0.694357 0.861282 0.306743 -0.075764 
-0.594960 -0.489721 -0.238747 -0.597856 0.815132 0.067182 -0.075764 
-0.584985 -0.465156 -0.238747 -0.551446 0.717930 0.067182 -0.075764 
-0.609924 -0.416026 -0.238747 -0.470396 0.684435 -0.124467 -0.075764 
-0.689729 -0.538851 -0.238747 -0.423810 0.861173 -0.124467 -0.075764 
-0.739607 -0.514286 -0.238747 -0.309592 1.041860 -0.124467 -0.075764 
-0.789485 -0.489721 -0.238747 -0.350818 0.794792 -0.124467 -0.075764 
-0.824399 -0.563417 -0.238747 -0.317800 1.230234 -0.124467 -0.075764 
-0.779509 -0.465156 -0.238747 -0.398695 0.769405 -0.124467 -0.075764 
-0.819411 -0.514286 -0.238747 -0.349872 0.860343 -0.124467 -0.075764 
-0.565034 -0.416026 -0.238747 0.284182 0.520495 -0.076555 -0.075764 
-0.555058 -0.440591 -0.238747 0.205114 0.464298 0.019270 -0.075764 
-0.540095 -0.366896 -0.238747 0.145733 0.300165 0.019270 -0.075764 
-0.579997 -0.465156 -0.238747 0.215820 0.551779 0.019270 -0.075764 
-0.535107 -0.342331 -0.238747 0.092871 0.311908 0.019270 -0.075764 
-0.555058 -0.391461 -0.238747 0.177405 0.589485 0.019270 -0.075764 
-0.799460 -0.563417 -0.238747 -0.567842 0.939813 -0.028642 -0.075764 
-0.759558 -0.416026 -0.238747 -0.399816 0.639367 -0.028642 -0.075764 
-0.789485 -0.440591 -0.238747 -0.360706 0.464462 -0.124467 -0.075764 
-0.789485 -0.440591 -0.238747 -0.380308 0.386379 -0.124467 -0.075764 
-0.699704 -0.244071 -0.179646 -0.418818 0.106963 -0.172379 -0.075764 
-0.654814 -0.342331 -0.179646 -0.629818 0.281349 -0.172379 -0.075764 
-0.579997 -0.366896 -0.179646 -0.584507 0.293494 -0.172379 -0.075764 
-0.575009 -0.342331 -0.179646 -0.605807 0.384595 -0.172379 -0.075764 
-0.510168 -0.416026 -0.179646 -0.634926 0.567735 -0.220291 -0.075764 
-0.505180 -0.416026 -0.179646 -0.624962 0.541421 -0.220291 -0.075764 
-0.430363 -0.244071 -0.179646 -0.598357 0.100551 -0.220291 -0.075764 
-0.540095 -0.465156 -0.238747 -0.569661 0.551658 -0.172379 -0.075764 
-0.684741 -0.514286 -0.238747 -0.363375 0.827968 -0.172379 -0.075764 
-0.674765 -0.489721 -0.238747 -0.549624 0.902580 -0.076555 -0.075764 
-0.565034 -0.391461 -0.238747 -0.715422 0.612223 -0.076555 -0.075764 
-0.644838 -0.391461 -0.238747 -0.805909 0.566494 -0.028642 -0.075764 
-0.624887 -0.342331 -0.238747 -0.869379 0.405666 -0.028642 -0.075764 
-0.684741 -0.489721 -0.238747 -0.828449 0.176657 -0.028642 -0.075764 
-0.639851 -0.366896 -0.238747 -0.855304 0.495483 -0.028642 -0.075764 
-0.689729 -0.440591 -0.238747 -0.784247 0.622253 -0.124467 -0.075764 
-0.724643 -0.489721 -0.238747 -0.782497 0.858165 -0.124467 -0.075764 
-0.804448 -0.514286 -0.238747 -0.551468 0.812824 -0.124467 -0.075764 
-0.794472 -0.465156 -0.238747 -0.622631 0.719724 -0.124467 -0.075764 
-0.824399 -0.538851 -0.238747 -0.572014 0.861109 -0.124467 -0.075764 
-0.819411 -0.489721 -0.238747 -0.643002 0.702196 -0.124467 -0.075764 
-0.844350 -0.538851 -0.238747 -0.643575 0.861441 -0.124467 -0.075764 
-0.879265 -0.563417 -0.238747 -0.724584 0.984215 -0.124467 -0.075764 
-0.669777 -0.293201 -0.238747 -0.947462 0.197067 -0.172379 -0.075764 
-0.535107 -0.268636 -0.238747 -0.715710 0.225604 -0.172379 -0.075764 
-0.360534 -0.219506 -0.238747 -0.686670 -1.114801 -0.172379 -0.075764 
-0.260778 0.075275 -0.238747 -0.759143 -0.924495 -0.172379 -0.075764 
-0.106156 0.419185 -0.238747 -0.859261 -0.991247 -0.172379 -0.075764 
0.093356 0.443750 -0.238747 -0.862520 -0.820205 -0.220291 -0.075764 
0.926318 2.531779 -0.238747 -0.405481 -1.286091 -0.076555 -0.075764 
0.911355 2.065043 -0.238747 -0.057270 -1.347146 0.210919 -0.075764 
0.796635 1.868523 -0.238747 -0.064452 -1.364354 0.258831 -0.075764 
0.691892 1.672002 -0.238747 -0.013545 -1.424892 0.258831 -0.075764 
0.567197 1.205266 -0.238747 0.067054 -1.510734 0.258831 -0.075764 
0.651989 1.033311 -0.179646 -0.084965 -1.626987 0.642129 -0.075764 
-0.021364 0.566575 -0.238747 -0.543488 -0.821283 0.833778 -0.075764 
-0.240827 0.591140 -0.238747 -1.392794 -0.822494 0.498392 -0.075764 
-0.265766 0.591140 -0.238747 -1.366401 -0.830342 0.498392 -0.075764 
-0.345571 0.419185 -0.238747 -1.371031 -0.787894 0.450480 -0.075764 
-0.220876 0.542010 -0.238747 -1.205289 -0.754598 0.450480 -0.075764 
-0.245815 0.517445 -0.238747 -1.110471 -0.729425 0.450480 -0.075764 
-0.619899 -0.391461 -0.238747 -0.410007 0.399914 -0.124467 -0.075764 
-0.540095 -0.219506 -0.238747 -0.377709 0.096282 -0.124467 -0.075764 
-0.634863 -0.440591 -0.238747 -0.300960 0.464557 -0.124467 -0.075764 
-0.634863 -0.416026 -0.238747 -0.330184 0.448714 -0.124467 -0.075764 
-0.634863 -0.342331 -0.238747 -0.427070 0.225101 -0.076555 -0.075764 
-0.749582 -0.465156 -0.238747 -0.531086 0.620225 -0.076555 -0.075764 
-0.829387 -0.514286 -0.238747 -0.716793 0.991462 -0.076555 -0.075764 
-0.764546 -0.342331 -0.238747 -0.859517 0.311900 -0.076555 -0.075764 
-0.674765 -0.465156 -0.238747 -0.883033 0.551425 -0.076555 -0.075764 
-0.664790 -0.440591 -0.238747 -0.884120 0.542191 -0.076555 -0.075764 
-0.540095 -0.366896 -0.238747 -0.772670 0.507339 0.019270 -0.075764 
-0.555058 -0.538851 -0.238747 -0.708944 0.861168 -0.028642 -0.075764 
-0.485229 -0.465156 -0.238747 -0.654687 0.816836 -0.028642 -0.075764 
-0.440339 -0.366896 -0.238747 -0.663970 0.507218 -0.028642 -0.075764 
-0.634863 -0.538851 -0.238747 -0.555241 0.769275 -0.076555 -0.075764 
-0.639851 -0.489721 -0.238747 -0.513919 0.714934 -0.028642 -0.075764 
-0.639851 -0.514286 -0.238747 -0.543919 0.867212 -0.076555 -0.075764 
-0.769533 -0.538851 -0.238747 -0.283330 0.861686 -0.172379 -0.075764 
-0.694716 -0.440591 -0.238747 0.760651 0.620560 -0.124467 -0.075764 
-0.709680 -0.465156 -0.238747 0.734604 0.815868 -0.124467 -0.075764 
-0.739607 -0.563417 -0.238747 0.824839 1.272889 -0.124467 -0.075764 
-0.714668 -0.489721 -0.238747 0.741887 0.807436 -0.124467 -0.075764 
-0.649826 -0.538851 -0.238747 0.406641 0.861081 -0.076555 -0.075764 
-0.594960 -0.514286 -0.238747 0.342923 0.750068 -0.076555 -0.075764 
-0.619899 -0.391461 -0.238747 -0.866235 0.414294 -0.076555 -0.075764 
-0.584985 -0.342331 -0.238747 -0.919616 0.343321 -0.076555 -0.075764 
-0.634863 -0.416026 -0.238747 -0.856692 0.629869 -0.076555 -0.075764 
-0.659802 -0.465156 -0.238747 -0.789317 0.821682 -0.076555 -0.075764 
-0.749582 -0.538851 -0.238747 -0.647709 0.770743 -0.076555 -0.075764 
-0.794472 -0.514286 -0.238747 -0.583402 0.759706 -0.076555 -0.075764 
4.313033 1.278962 -0.238747 -0.127437 -0.290545 -0.124467 15.723184 
4.263155 1.131571 -0.238747 -0.105587 -0.796305 -0.076555 15.723184 
4.113521 2.703734 -0.238747 1.030153 -1.205747 -0.076555 12.077273 
3.016206 3.293295 -0.238747 2.154244 -0.903054 -0.076555 8.952206 
1.380208 3.858291 -0.238747 0.095062 -0.397941 -0.076555 2.528458 
