2.685176 1.533996 3.245725 0.493547 -0.756529 -3.217361 0.000000 
2.363284 1.095721 3.245725 0.480062 -0.854411 -3.164797 0.000000 
2.116770 0.605883 3.245725 0.455411 -0.505735 -3.180726 0.000000 
1.631198 -0.110944 3.224250 0.357459 -0.361179 -3.164797 0.000000 
0.840796 -0.564925 -0.308392 0.629745 -1.315056 -0.003047 0.000000 
0.157914 -0.564629 -0.308392 0.591616 -0.026827 0.041552 0.000000 
-0.283425 -0.149467 -0.308392 0.806112 -0.023246 0.140307 0.000000 
-0.889769 -0.273038 -0.308392 0.661385 -0.190004 0.111636 0.000000 
-0.259569 0.251174 -0.308392 0.727694 -0.403077 0.108450 0.000000 
-0.190983 0.250877 -0.308392 0.723738 -0.792578 0.108450 0.000000 
0.075246 0.250877 -0.306603 0.697483 -0.792578 0.097301 0.000000 
0.071767 0.250877 -0.308392 0.711686 -0.564584 0.094115 0.000000 
0.907229 0.980744 -0.308392 0.750113 -0.617464 0.095708 0.000000 
0.653261 0.235765 -0.308392 0.647830 -0.331217 0.094115 0.000000 
0.522052 0.505427 -0.308392 0.709991 -0.543336 0.111636 0.000000 
0.279183 0.626330 -0.308392 0.749932 -0.710691 0.130750 0.000000 
0.182101 1.058679 -0.308392 0.828440 -0.684788 0.130750 0.000000 
0.847920 1.188473 -0.308392 0.628984 -0.782432 0.532141 0.000000 
0.834501 0.784275 -0.308392 0.501760 -0.632266 0.552848 0.000000 
0.103078 -0.199251 -0.308392 0.283149 -0.462284 0.737615 0.000000 
-0.055466 -0.299411 -0.308392 0.218196 -0.164340 0.751950 0.000000 
-0.028463 -0.620339 -0.308392 0.069659 0.361003 0.810885 0.000000 
0.166529 -0.725241 -0.306603 0.020523 0.481685 0.763100 0.000000 
-0.424243 -1.158182 -0.308392 -0.087936 1.348422 0.436572 0.000000 
-0.723936 -1.164405 -0.308392 -0.059128 1.011802 0.369673 0.000000 
-0.518342 -0.918153 -0.310182 0.105204 0.862710 0.399937 0.000000 
-1.113255 -1.163812 -0.310182 -0.018417 1.929868 0.352152 0.000000 
-1.402677 -1.164405 -0.310182 0.003804 1.319296 0.385601 0.000000 
-1.415433 -1.156700 -0.310182 0.070872 1.909098 0.256583 0.000000 
-1.417421 -1.156700 -0.310182 0.068864 1.314999 0.259768 0.000000 
-0.998116 -0.761097 -0.311971 -0.070310 0.621704 0.278882 0.000000 
0.205626 0.722046 -0.310182 -1.889685 -1.248448 0.290032 0.000000 
0.305855 1.841885 -0.308392 -2.764112 -1.248329 0.336224 0.000000 
0.564297 1.841885 -0.306603 -2.528125 -1.248329 0.277289 0.000000 
0.863327 1.841885 -0.308392 -2.199166 -1.248329 0.277289 0.000000 
0.851234 1.841885 -0.308392 -2.249822 -1.248329 0.293218 0.000000 
0.973165 1.841885 -0.310182 -2.174069 -1.248329 0.414272 0.000000 
-0.110468 0.476090 -0.306603 -1.996947 -1.248209 0.280475 0.000000 
-0.753259 -0.754281 -0.306603 0.165966 0.682344 0.339409 0.000000 
-1.066537 -0.862146 -0.306603 0.109542 0.859248 0.406308 0.000000 
-0.908656 -1.159960 -0.308392 0.217758 1.939418 0.296403 0.000000 
-0.899213 -1.159960 -0.308392 0.292328 1.338992 0.334631 0.000000 
-0.965811 -1.159960 -0.311971 0.323845 1.338992 0.328260 0.000000 
-0.996625 -0.870740 -0.308392 0.538094 1.004879 0.231098 0.000000 
-1.227400 -0.753096 -0.308392 0.692209 0.582313 0.305960 0.000000 
-1.552441 -1.155811 -0.308392 0.704724 1.346154 0.167385 0.000000 
